2020-04-13 13:46:29.863100
Model name: diabnet/models/model-sp-soft-label-positives-1000-dropout0-05-bn-decay-053.pth

Confusion matrix:
[[116.  15.]
 [ 11.  38.]]

T Loss: 0.4435109317302704

T Loss(reg): 0.8131130337715149

V Loss: 0.5486310720443726

l1_neurons = 128
l2_neurons = 0
l3_neurons = 0
dp0 = 0.5
dp1 = 0.0
dp2 = 0
dp3 = 0
lr = 0.0007
wd = 1e-06
lambda1_dim1 = 0.0003
lambda2_dim1 = 0.05
lambda1_dim2 = 0.0008
lambda2_dim2 = 0.05
