2020-04-09 13:26:49.095014
Model name: diabnet/models/model-sp-soft-label-positives-1000-nodropout-bn-decay-027.pth

Confusion matrix:
[[128.  18.]
 [  8.  26.]]

T Loss: 0.4274741530418396

T Loss(reg): 0.8373246192932129

V Loss: 0.5401079654693604

l1_neurons = 128
l2_neurons = 0
l3_neurons = 0
dp0 = 0
dp1 = 0.0
dp2 = 0
dp3 = 0
lr = 0.0007
wd = 1e-06
lambda1_dim1 = 0.0003
lambda2_dim1 = 0.05
lambda1_dim2 = 0.0008
lambda2_dim2 = 0.05
