2020-04-06 20:24:57.597682
Model name: diabnet/models/model-sp-soft-label-random-1000-nodropout-decay-080.pth

Confusion matrix:
[[91. 53.]
 [27.  9.]]

T Loss: 0.4195253551006317

T Loss(reg): 0.7320498943328857

V Loss: 0.857406477133433

l1_neurons = 128
l2_neurons = 0
l3_neurons = 0
dp0 = 0
dp1 = 0.0
dp2 = 0
dp3 = 0
lr = 0.0007
wd = 1e-06
lambda1_dim1 = 0.0003
lambda2_dim1 = 0.05
lambda1_dim2 = 0.0008
lambda2_dim2 = 0.05
