2020-03-06 20:19:22.297610
Model name: diabnet/models/model-sp-soft-label-positives-1000-decay-056.pth'

Confusion matrix:
[[114.46666667  21.53333333]
 [ 14.5         29.5       ]]

T Loss: 0.4573003828525543

T Loss(reg): 0.8086628079414367

V Loss: 0.5800169246064292

l1_neurons = 256
l2_neurons = 0
l3_neurons = 0
dp0 = 0
dp1 = 0.5
dp2 = 0
dp3 = 0
lr = 0.0007
wd = 1e-06
lambda1_dim1 = 0.0003
lambda2_dim1 = 0.05
lambda1_dim2 = 0.0008
lambda2_dim2 = 0.05
