2020-03-06 17:08:56.064694
Model name: diabnet/models/model-sp-soft-label-positives-1000-decay-001.pth'

Confusion matrix:
[[123.33333333  17.66666667]
 [ 11.6         27.4       ]]

T Loss: 0.4393269598484039

T Loss(reg): 0.7838145732879639

V Loss: 0.570516981350051

l1_neurons = 256
l2_neurons = 0
l3_neurons = 0
dp0 = 0
dp1 = 0.5
dp2 = 0
dp3 = 0
lr = 0.0007
wd = 1e-06
lambda1_dim1 = 0.0003
lambda2_dim1 = 0.05
lambda1_dim2 = 0.0008
lambda2_dim2 = 0.05
