2020-04-03 15:37:55.281947
Model name: diabnet/models/model-sp-soft-label-random-1000-dropout005-decay-015.pth

Confusion matrix:
[[113.66666667  29.33333333]
 [ 25.43333333  11.56666667]]

T Loss: 0.45966382026672364

T Loss(reg): 0.7834531426429748

V Loss: 0.7688100463814206

l1_neurons = 128
l2_neurons = 0
l3_neurons = 0
dp0 = 0
dp1 = 0.05
dp2 = 0
dp3 = 0
lr = 0.0007
wd = 1e-06
lambda1_dim1 = 0.0003
lambda2_dim1 = 0.05
lambda1_dim2 = 0.0008
lambda2_dim2 = 0.05
