2020-09-15 18:20:06.464619
Model name: diabnet/models/model-6-soft-label-age-randomized_positives-1000-dropout0-bn-decay-flood-hyperopt-ax-batch256-adamw-lc1-20200915-085.pth

Accuracy: 0.6833333333333333

Balanced Accuracy: 0.5321969696969697

ECE: 0.14356668293476105

MCE: 0.8977218270301819

AUC-ROC: 0.6796085858585859

AVG-PREC: 0.3982147966450198

Confusion matrix:
[[113  19]
 [ 38  10]]

T Loss: 0.3744170921189444

T Loss(reg): 0.37576490214892794

V Loss: 0.6780561208724976

hidden_neurons = 6
dropout = 0.08658128211832698
lr = 0.002530315363231387
eps = 1.6516808099564973e-07
wd = 7.141119204788848e-05
lambda1_dim1 = 1.669665721023354e-06
lambda2_dim1 = 6.368583640194637e-07
lambda1_dim2 = 2.0342028053277926e-08
lambda2_dim2 = 2.0678941459740793e-11
flood_penalty = 0.18613187374510126
soft_label_alpha = 0.10348253777080188
sched-steps = 22
sched-gamma = 0.6213666892994011
beta1 = 0.9
beta2 = 0.999
batch_size = 256
