2020-04-15 21:01:38.221574
Model name: diabnet/models/model-32-sp-soft-label-positives-1000-dropout0-05-bn-decay-093.pth

Confusion matrix:
[[129.  18.]
 [  7.  26.]]

T Loss: 0.45653241872787476

T Loss(reg): 0.8448997974395752

V Loss: 0.535345216592153

l1_neurons = 32
l2_neurons = 0
l3_neurons = 0
dp0 = 0.5
dp1 = 0.0
dp2 = 0
dp3 = 0
lr = 0.0007
wd = 1e-06
lambda1_dim1 = 0.0003
lambda2_dim1 = 0.05
lambda1_dim2 = 0.0008
lambda2_dim2 = 0.05
