2020-04-13 21:54:23.768829
Model name: diabnet/models/model-sp-soft-label-random-1000-dropout0-05-bn-decay-086.pth

Confusion matrix:
[[115.  43.]
 [ 16.   6.]]

T Loss: 0.43744890093803407

T Loss(reg): 0.7403467893600464

V Loss: 0.8294453819592794

l1_neurons = 128
l2_neurons = 0
l3_neurons = 0
dp0 = 0.5
dp1 = 0.0
dp2 = 0
dp3 = 0
lr = 0.0007
wd = 1e-06
lambda1_dim1 = 0.0003
lambda2_dim1 = 0.05
lambda1_dim2 = 0.0008
lambda2_dim2 = 0.05
