2020-09-14 15:38:14.085638
Model name: diabnet/models/model-6-soft-label-age-positives-1000-dropout0-bn-decay-flood-hyperopt-batch256-adamw-lc1-20200914-002.pth

Accuracy: 0.9277777777777778

Balanced Accuracy: 0.9060828877005347

ECE: 0.0708179622888565

MCE: 0.2966906726360321

AUC-ROC: 0.932653743315508

AVG-PREC: 0.9017328558892683

Confusion matrix:
[[129   7]
 [  6  38]]

T Loss: 0.23295285446303232

T Loss(reg): 0.23404854536056519

V Loss: 0.3689891993999481

hidden_neurons = 6
dropout = 0.08658128211832698
lr = 0.002530315363231387
eps = 1.6516808099564973e-07
wd = 7.141119204788848e-05
lambda1_dim1 = 1.669665721023354e-06
lambda2_dim1 = 6.368583640194637e-07
lambda1_dim2 = 2.0342028053277926e-08
lambda2_dim2 = 2.0678941459740793e-11
flood_penalty = 0.18613187374510126
soft_label_alpha = 0.10348253777080188
sched-steps = 22
sched-gamma = 0.6213666892994011
beta1 = 0.9
beta2 = 0.999
batch_size = 256
