2020-09-15 16:29:00.607322
Model name: diabnet/models/model-6-soft-label-age-random-1000-dropout0-bn-decay-flood-hyperopt-ax-batch256-adamw-lc1-20200915-000.pth

Accuracy: 0.6888888888888889

Balanced Accuracy: 0.45589325426241656

ECE: 0.12732461094856262

MCE: 0.8124700784683228

AUC-ROC: 0.5079688658265382

AVG-PREC: 0.2136332961246208

Confusion matrix:
[[122  20]
 [ 36   2]]

T Loss: 0.47532836880002705

T Loss(reg): 0.47661616121019634

V Loss: 0.6584323048591614

hidden_neurons = 6
dropout = 0.08658128211832698
lr = 0.002530315363231387
eps = 1.6516808099564973e-07
wd = 7.141119204788848e-05
lambda1_dim1 = 1.669665721023354e-06
lambda2_dim1 = 6.368583640194637e-07
lambda1_dim2 = 2.0342028053277926e-08
lambda2_dim2 = 2.0678941459740793e-11
flood_penalty = 0.18613187374510126
soft_label_alpha = 0.10348253777080188
sched-steps = 22
sched-gamma = 0.6213666892994011
beta1 = 0.9
beta2 = 0.999
batch_size = 256
