2020-03-24 14:35:04.539643
Model name: diabnet/models/model-sp-soft-label-positives-1000-dropout005-decay-015.pth'

Confusion matrix:
[[124.23333333  12.76666667]
 [  9.96666667  33.03333333]]

T Loss: 0.44594348073005674

T Loss(reg): 0.831821870803833

V Loss: 0.5324594775835673

l1_neurons = 128
l2_neurons = 0
l3_neurons = 0
dp0 = 0
dp1 = 0.05
dp2 = 0
dp3 = 0
lr = 0.0007
wd = 1e-06
lambda1_dim1 = 0.0003
lambda2_dim1 = 0.05
lambda1_dim2 = 0.0008
lambda2_dim2 = 0.05
