2020-04-09 12:22:11.401848
Model name: diabnet/models/model-sp-soft-label-positives-1000-nodropout-bn-decay-008.pth

Confusion matrix:
[[119.  23.]
 [  9.  29.]]

T Loss: 0.42855891585350037

T Loss(reg): 0.8377619981765747

V Loss: 0.5316623449325562

l1_neurons = 128
l2_neurons = 0
l3_neurons = 0
dp0 = 0
dp1 = 0.0
dp2 = 0
dp3 = 0
lr = 0.0007
wd = 1e-06
lambda1_dim1 = 0.0003
lambda2_dim1 = 0.05
lambda1_dim2 = 0.0008
lambda2_dim2 = 0.05
