2020-04-07 15:03:34.829568
Model name: diabnet/models/model-sp-soft-label-negative-1000-nodropout-decay-061.pth

Confusion matrix:
[[108.  32.]
 [ 29.  11.]]

T Loss: 0.4616680979728699

T Loss(reg): 0.7850678443908692

V Loss: 0.7672186493873596

l1_neurons = 128
l2_neurons = 0
l3_neurons = 0
dp0 = 0
dp1 = 0.0
dp2 = 0
dp3 = 0
lr = 0.0007
wd = 1e-06
lambda1_dim1 = 0.0003
lambda2_dim1 = 0.05
lambda1_dim2 = 0.0008
lambda2_dim2 = 0.05
