2020-04-28 15:57:26.979910
Model name: diabnet/models/model-32-sp-soft-label-random-1000-dropout0-05-bn-decay-flood-002.pth

Confusion matrix:
[[90. 42.]
 [40.  8.]]

T Loss: 0.5765592932701111

T Loss(reg): 0.8535370707511902

V Loss: 0.791191041469574

l1_neurons = 32
l2_neurons = 0
l3_neurons = 0
dp0 = 0.5
dp1 = 0.0
dp2 = 0
dp3 = 0
lr = 0.0007
wd = 1e-06
lambda1_dim1 = 0.0003
lambda2_dim1 = 0.05
lambda1_dim2 = 0.0008
lambda2_dim2 = 0.05
