2020-04-14 10:59:57.479512
Model name: diabnet/models/model-sp-soft-label-negatives-1000-dropout0-05-bn-decay-007.pth

Confusion matrix:
[[100.  42.]
 [ 31.   7.]]

T Loss: 0.48343926668167114

T Loss(reg): 0.8005437135696412

V Loss: 0.8661899367968241

l1_neurons = 128
l2_neurons = 0
l3_neurons = 0
dp0 = 0.5
dp1 = 0.0
dp2 = 0
dp3 = 0
lr = 0.0007
wd = 1e-06
lambda1_dim1 = 0.0003
lambda2_dim1 = 0.05
lambda1_dim2 = 0.0008
lambda2_dim2 = 0.05
