2020-04-07 08:49:10.829289
Model name: diabnet/models/model-sp-soft-label-negative-1000-nodropout-decay-007.pth

Confusion matrix:
[[114.  28.]
 [ 35.   3.]]

T Loss: 0.43536139130592344

T Loss(reg): 0.7614948391914368

V Loss: 0.8285680214564005

l1_neurons = 128
l2_neurons = 0
l3_neurons = 0
dp0 = 0
dp1 = 0.0
dp2 = 0
dp3 = 0
lr = 0.0007
wd = 1e-06
lambda1_dim1 = 0.0003
lambda2_dim1 = 0.05
lambda1_dim2 = 0.0008
lambda2_dim2 = 0.05
