2020-04-07 09:00:39.541289
Model name: diabnet/models/model-sp-soft-label-negative-1000-nodropout-decay-009.pth

Confusion matrix:
[[114.  27.]
 [ 32.   7.]]

T Loss: 0.5311280965805054

T Loss(reg): 0.8425502061843873

V Loss: 0.7978289922078451

l1_neurons = 128
l2_neurons = 0
l3_neurons = 0
dp0 = 0
dp1 = 0.0
dp2 = 0
dp3 = 0
lr = 0.0007
wd = 1e-06
lambda1_dim1 = 0.0003
lambda2_dim1 = 0.05
lambda1_dim2 = 0.0008
lambda2_dim2 = 0.05
