2020-04-09 13:23:24.306742
Model name: diabnet/models/model-sp-soft-label-positives-1000-nodropout-bn-decay-026.pth

Confusion matrix:
[[119.  19.]
 [ 10.  32.]]

T Loss: 0.43119895458221436

T Loss(reg): 0.8351330518722534

V Loss: 0.5403098464012146

l1_neurons = 128
l2_neurons = 0
l3_neurons = 0
dp0 = 0
dp1 = 0.0
dp2 = 0
dp3 = 0
lr = 0.0007
wd = 1e-06
lambda1_dim1 = 0.0003
lambda2_dim1 = 0.05
lambda1_dim2 = 0.0008
lambda2_dim2 = 0.05
