2020-04-03 18:00:06.520011
Model name: diabnet/models/model-sp-soft-label-random-1000-dropout005-decay-057.pth

Confusion matrix:
[[99.93333333 36.06666667]
 [36.13333333  7.86666667]]

T Loss: 0.49769455194473267

T Loss(reg): 0.7856698751449585

V Loss: 0.85468440718121

l1_neurons = 128
l2_neurons = 0
l3_neurons = 0
dp0 = 0
dp1 = 0.05
dp2 = 0
dp3 = 0
lr = 0.0007
wd = 1e-06
lambda1_dim1 = 0.0003
lambda2_dim1 = 0.05
lambda1_dim2 = 0.0008
lambda2_dim2 = 0.05
