2020-04-03 14:57:35.627553
Model name: diabnet/models/model-sp-soft-label-random-1000-dropout005-decay-003.pth

Confusion matrix:
[[108.5  35.5]
 [ 28.4   7.6]]

T Loss: 0.4809856295585632

T Loss(reg): 0.7824642896652222

V Loss: 0.7744365910689036

l1_neurons = 128
l2_neurons = 0
l3_neurons = 0
dp0 = 0
dp1 = 0.05
dp2 = 0
dp3 = 0
lr = 0.0007
wd = 1e-06
lambda1_dim1 = 0.0003
lambda2_dim1 = 0.05
lambda1_dim2 = 0.0008
lambda2_dim2 = 0.05
