2020-04-07 08:25:49.953471
Model name: diabnet/models/model-sp-soft-label-negative-1000-nodropout-decay-001.pth

Confusion matrix:
[[100.  39.]
 [ 34.   7.]]

T Loss: 0.4337440669536591

T Loss(reg): 0.7558557629585266

V Loss: 0.8544578552246094

l1_neurons = 128
l2_neurons = 0
l3_neurons = 0
dp0 = 0
dp1 = 0.0
dp2 = 0
dp3 = 0
lr = 0.0007
wd = 1e-06
lambda1_dim1 = 0.0003
lambda2_dim1 = 0.05
lambda1_dim2 = 0.0008
lambda2_dim2 = 0.05
