2020-04-09 14:51:53.212452
Model name: diabnet/models/model-sp-soft-label-positives-1000-nodropout-bn-decay-052.pth

Confusion matrix:
[[114.  17.]
 [  2.  47.]]

T Loss: 0.4389806866645813

T Loss(reg): 0.8382890582084656

V Loss: 0.45774296919504803

l1_neurons = 128
l2_neurons = 0
l3_neurons = 0
dp0 = 0
dp1 = 0.0
dp2 = 0
dp3 = 0
lr = 0.0007
wd = 1e-06
lambda1_dim1 = 0.0003
lambda2_dim1 = 0.05
lambda1_dim2 = 0.0008
lambda2_dim2 = 0.05
