2020-04-06 16:47:11.813761
Model name: diabnet/models/model-sp-soft-label-random-1000-nodropout-decay-048.pth

Confusion matrix:
[[100.  36.]
 [ 42.   2.]]

T Loss: 0.46494911313056947

T Loss(reg): 0.7943853616714478

V Loss: 0.910050630569458

l1_neurons = 128
l2_neurons = 0
l3_neurons = 0
dp0 = 0
dp1 = 0.0
dp2 = 0
dp3 = 0
lr = 0.0007
wd = 1e-06
lambda1_dim1 = 0.0003
lambda2_dim1 = 0.05
lambda1_dim2 = 0.0008
lambda2_dim2 = 0.05
