2020-03-31 19:46:49.830728
Model name: diabnet/models/model-sp-soft-label-negatives-1000-dropout005-decay-086.pth'

Confusion matrix:
[[94.9        31.1       ]
 [43.46666667 10.53333333]]

T Loss: 0.5209787368774415

T Loss(reg): 0.8188953399658203

V Loss: 0.8581302424271902

l1_neurons = 128
l2_neurons = 0
l3_neurons = 0
dp0 = 0
dp1 = 0.05
dp2 = 0
dp3 = 0
lr = 0.0007
wd = 1e-06
lambda1_dim1 = 0.0003
lambda2_dim1 = 0.05
lambda1_dim2 = 0.0008
lambda2_dim2 = 0.05
