2020-04-28 20:47:35.136261
Model name: diabnet/models/model-32-sp-soft-label-random-1000-dropout0-05-bn-decay-flood-084.pth

Confusion matrix:
[[110.  29.]
 [ 37.   4.]]

T Loss: 0.5417953610420227

T Loss(reg): 0.8294801712036133

V Loss: 0.8014265497525533

l1_neurons = 32
l2_neurons = 0
l3_neurons = 0
dp0 = 0.5
dp1 = 0.0
dp2 = 0
dp3 = 0
lr = 0.0007
wd = 1e-06
lambda1_dim1 = 0.0003
lambda2_dim1 = 0.05
lambda1_dim2 = 0.0008
lambda2_dim2 = 0.05
