2020-09-15 15:56:12.226017
Model name: diabnet/models/model-6-soft-label-age-positives-1000-dropout0-bn-decay-flood-hyperopt-ax-batch256-adamw-lc1-20200915-016.pth

Accuracy: 0.9111111111111111

Balanced Accuracy: 0.8796791443850267

ECE: 0.05314275249838829

MCE: 0.21353161334991455

AUC-ROC: 0.9391711229946524

AVG-PREC: 0.8860255412315716

Confusion matrix:
[[128   8]
 [  8  36]]

T Loss: 0.32821581619126455

T Loss(reg): 0.3295632685933794

V Loss: 0.3812090754508972

hidden_neurons = 6
dropout = 0.08658128211832698
lr = 0.002530315363231387
eps = 1.6516808099564973e-07
wd = 7.141119204788848e-05
lambda1_dim1 = 1.669665721023354e-06
lambda2_dim1 = 6.368583640194637e-07
lambda1_dim2 = 2.0342028053277926e-08
lambda2_dim2 = 2.0678941459740793e-11
flood_penalty = 0.18613187374510126
soft_label_alpha = 0.10348253777080188
sched-steps = 22
sched-gamma = 0.6213666892994011
beta1 = 0.9
beta2 = 0.999
batch_size = 256
