2020-04-30 16:28:01.774313
Model name: diabnet/models/model-32-sp-soft-label-randomized_1_positives-1000-dropout0-05-bn-decay-flood-085.pth

Confusion matrix:
[[108.  25.]
 [ 36.  11.]]

T Loss: 0.5214692831039429

T Loss(reg): 0.8770689964294434

V Loss: 0.763327976067861

l1_neurons = 32
l2_neurons = 0
l3_neurons = 0
dp0 = 0.5
dp1 = 0.0
dp2 = 0
dp3 = 0
lr = 0.0007
wd = 1e-06
lambda1_dim1 = 0.0003
lambda2_dim1 = 0.05
lambda1_dim2 = 0.0008
lambda2_dim2 = 0.05
