2020-03-06 19:28:29.535845
Model name: diabnet/models/model-sp-soft-label-positives-1000-decay-041.pth'

Confusion matrix:
[[125.76666667  20.23333333]
 [ 11.8         22.2       ]]

T Loss: 0.47153664827346803

T Loss(reg): 0.8110127329826355

V Loss: 0.5733806322018306

l1_neurons = 256
l2_neurons = 0
l3_neurons = 0
dp0 = 0
dp1 = 0.5
dp2 = 0
dp3 = 0
lr = 0.0007
wd = 1e-06
lambda1_dim1 = 0.0003
lambda2_dim1 = 0.05
lambda1_dim2 = 0.0008
lambda2_dim2 = 0.05
