2020-03-24 15:48:07.477521
Model name: diabnet/models/model-sp-soft-label-positives-1000-dropout005-decay-037.pth'

Confusion matrix:
[[121.93333333  11.06666667]
 [ 17.          30.        ]]

T Loss: 0.44979719519615174

T Loss(reg): 0.822753369808197

V Loss: 0.5416877918773227

l1_neurons = 128
l2_neurons = 0
l3_neurons = 0
dp0 = 0
dp1 = 0.05
dp2 = 0
dp3 = 0
lr = 0.0007
wd = 1e-06
lambda1_dim1 = 0.0003
lambda2_dim1 = 0.05
lambda1_dim2 = 0.0008
lambda2_dim2 = 0.05
