2020-04-13 14:38:28.563155
Model name: diabnet/models/model-sp-soft-label-positives-1000-dropout0-05-bn-decay-068.pth

Confusion matrix:
[[115.  11.]
 [ 21.  33.]]

T Loss: 0.4448326647281647

T Loss(reg): 0.836635434627533

V Loss: 0.5444446404774984

l1_neurons = 128
l2_neurons = 0
l3_neurons = 0
dp0 = 0.5
dp1 = 0.0
dp2 = 0
dp3 = 0
lr = 0.0007
wd = 1e-06
lambda1_dim1 = 0.0003
lambda2_dim1 = 0.05
lambda1_dim2 = 0.0008
lambda2_dim2 = 0.05
