2020-04-07 14:26:29.274207
Model name: diabnet/models/model-sp-soft-label-negative-1000-nodropout-decay-056.pth

Confusion matrix:
[[113.  29.]
 [ 31.   7.]]

T Loss: 0.4294351816177368

T Loss(reg): 0.7781893253326416

V Loss: 0.810268759727478

l1_neurons = 128
l2_neurons = 0
l3_neurons = 0
dp0 = 0
dp1 = 0.0
dp2 = 0
dp3 = 0
lr = 0.0007
wd = 1e-06
lambda1_dim1 = 0.0003
lambda2_dim1 = 0.05
lambda1_dim2 = 0.0008
lambda2_dim2 = 0.05
