2020-09-15 18:14:58.281499
Model name: diabnet/models/model-6-soft-label-age-randomized_positives-1000-dropout0-bn-decay-flood-hyperopt-ax-batch256-adamw-lc1-20200915-072.pth

Accuracy: 0.6611111111111111

Balanced Accuracy: 0.5367941129419292

ECE: 0.1781291663646698

MCE: 0.6507100462913513

AUC-ROC: 0.5882258838585825

AVG-PREC: 0.34097100494128224

Confusion matrix:
[[106  27]
 [ 34  13]]

T Loss: 0.33062441859926495

T Loss(reg): 0.33197663937296185

V Loss: 0.7920080423355103

hidden_neurons = 6
dropout = 0.08658128211832698
lr = 0.002530315363231387
eps = 1.6516808099564973e-07
wd = 7.141119204788848e-05
lambda1_dim1 = 1.669665721023354e-06
lambda2_dim1 = 6.368583640194637e-07
lambda1_dim2 = 2.0342028053277926e-08
lambda2_dim2 = 2.0678941459740793e-11
flood_penalty = 0.18613187374510126
soft_label_alpha = 0.10348253777080188
sched-steps = 22
sched-gamma = 0.6213666892994011
beta1 = 0.9
beta2 = 0.999
batch_size = 256
