2020-03-31 17:15:00.963334
Model name: diabnet/models/model-sp-soft-label-negatives-1000-dropout005-decay-065.pth'

Confusion matrix:
[[112.46666667  27.53333333]
 [ 32.83333333   7.16666667]]

T Loss: 0.48416776657104493

T Loss(reg): 0.7639868974685669

V Loss: 0.8023760477701823

l1_neurons = 128
l2_neurons = 0
l3_neurons = 0
dp0 = 0
dp1 = 0.05
dp2 = 0
dp3 = 0
lr = 0.0007
wd = 1e-06
lambda1_dim1 = 0.0003
lambda2_dim1 = 0.05
lambda1_dim2 = 0.0008
lambda2_dim2 = 0.05
