2020-03-06 18:57:57.734650
Model name: diabnet/models/model-sp-soft-label-positives-1000-decay-032.pth'

Confusion matrix:
[[120.53333333  14.46666667]
 [ 11.73333333  33.26666667]]

T Loss: 0.44821394681930543

T Loss(reg): 0.7787815213203431

V Loss: 0.5324352261092927

l1_neurons = 256
l2_neurons = 0
l3_neurons = 0
dp0 = 0
dp1 = 0.5
dp2 = 0
dp3 = 0
lr = 0.0007
wd = 1e-06
lambda1_dim1 = 0.0003
lambda2_dim1 = 0.05
lambda1_dim2 = 0.0008
lambda2_dim2 = 0.05
