2020-03-24 15:54:45.851826
Model name: diabnet/models/model-sp-soft-label-positives-1000-dropout005-decay-039.pth'

Confusion matrix:
[[113.76666667  25.23333333]
 [ 12.06666667  28.93333333]]

T Loss: 0.4499363422393799

T Loss(reg): 0.8301384210586548

V Loss: 0.5751126295990414

l1_neurons = 128
l2_neurons = 0
l3_neurons = 0
dp0 = 0
dp1 = 0.05
dp2 = 0
dp3 = 0
lr = 0.0007
wd = 1e-06
lambda1_dim1 = 0.0003
lambda2_dim1 = 0.05
lambda1_dim2 = 0.0008
lambda2_dim2 = 0.05
