2020-03-06 21:00:10.677050
Model name: diabnet/models/model-sp-soft-label-positives-1000-decay-068.pth'

Confusion matrix:
[[136.23333333  11.76666667]
 [  9.53333333  22.46666667]]

T Loss: 0.44806352257728577

T Loss(reg): 0.7914077162742614

V Loss: 0.5299894872638914

l1_neurons = 256
l2_neurons = 0
l3_neurons = 0
dp0 = 0
dp1 = 0.5
dp2 = 0
dp3 = 0
lr = 0.0007
wd = 1e-06
lambda1_dim1 = 0.0003
lambda2_dim1 = 0.05
lambda1_dim2 = 0.0008
lambda2_dim2 = 0.05
