2020-04-14 12:51:47.876549
Model name: diabnet/models/model-sp-soft-label-negatives-1000-dropout0-05-bn-decay-039.pth

Confusion matrix:
[[104.  31.]
 [ 33.  12.]]

T Loss: 0.4282279431819916

T Loss(reg): 0.7216639637947082

V Loss: 0.8964517116546631

l1_neurons = 128
l2_neurons = 0
l3_neurons = 0
dp0 = 0.5
dp1 = 0.0
dp2 = 0
dp3 = 0
lr = 0.0007
wd = 1e-06
lambda1_dim1 = 0.0003
lambda2_dim1 = 0.05
lambda1_dim2 = 0.0008
lambda2_dim2 = 0.05
