2020-04-03 18:37:44.052293
Model name: diabnet/models/model-sp-soft-label-random-1000-dropout005-decay-068.pth

Confusion matrix:
[[98.53333333 38.46666667]
 [36.13333333  6.86666667]]

T Loss: 0.48143514394760134

T Loss(reg): 0.769556200504303

V Loss: 0.8633952346112993

l1_neurons = 128
l2_neurons = 0
l3_neurons = 0
dp0 = 0
dp1 = 0.05
dp2 = 0
dp3 = 0
lr = 0.0007
wd = 1e-06
lambda1_dim1 = 0.0003
lambda2_dim1 = 0.05
lambda1_dim2 = 0.0008
lambda2_dim2 = 0.05
