2020-04-03 15:07:41.187528
Model name: diabnet/models/model-sp-soft-label-random-1000-dropout005-decay-006.pth

Confusion matrix:
[[108.7  33.3]
 [ 29.    9. ]]

T Loss: 0.5020529091358185

T Loss(reg): 0.7892786264419556

V Loss: 0.7882131748729282

l1_neurons = 128
l2_neurons = 0
l3_neurons = 0
dp0 = 0
dp1 = 0.05
dp2 = 0
dp3 = 0
lr = 0.0007
wd = 1e-06
lambda1_dim1 = 0.0003
lambda2_dim1 = 0.05
lambda1_dim2 = 0.0008
lambda2_dim2 = 0.05
