2020-03-31 16:48:21.713719
Model name: diabnet/models/model-sp-soft-label-negatives-1000-dropout005-decay-062.pth'

Confusion matrix:
[[118.23333333  22.76666667]
 [ 33.46666667   5.53333333]]

T Loss: 0.47117807865142824

T Loss(reg): 0.7731924772262573

V Loss: 0.7649289422565037

l1_neurons = 128
l2_neurons = 0
l3_neurons = 0
dp0 = 0
dp1 = 0.05
dp2 = 0
dp3 = 0
lr = 0.0007
wd = 1e-06
lambda1_dim1 = 0.0003
lambda2_dim1 = 0.05
lambda1_dim2 = 0.0008
lambda2_dim2 = 0.05
