2020-04-13 22:01:32.499642
Model name: diabnet/models/model-sp-soft-label-random-1000-dropout0-05-bn-decay-088.pth

Confusion matrix:
[[104.  36.]
 [ 35.   5.]]

T Loss: 0.4604663968086243

T Loss(reg): 0.7849261283874511

V Loss: 0.8098690708478292

l1_neurons = 128
l2_neurons = 0
l3_neurons = 0
dp0 = 0.5
dp1 = 0.0
dp2 = 0
dp3 = 0
lr = 0.0007
wd = 1e-06
lambda1_dim1 = 0.0003
lambda2_dim1 = 0.05
lambda1_dim2 = 0.0008
lambda2_dim2 = 0.05
