2020-04-06 12:07:48.255596
Model name: diabnet/models/model-sp-soft-label-random-1000-nodropout-decay-008.pth

Confusion matrix:
[[104.  26.]
 [ 41.   9.]]

T Loss: 0.4869229793548584

T Loss(reg): 0.7735778093338013

V Loss: 0.8561959266662598

l1_neurons = 128
l2_neurons = 0
l3_neurons = 0
dp0 = 0
dp1 = 0.0
dp2 = 0
dp3 = 0
lr = 0.0007
wd = 1e-06
lambda1_dim1 = 0.0003
lambda2_dim1 = 0.05
lambda1_dim2 = 0.0008
lambda2_dim2 = 0.05
