2020-04-09 14:31:25.229017
Model name: diabnet/models/model-sp-soft-label-positives-1000-nodropout-bn-decay-046.pth

Confusion matrix:
[[121.  16.]
 [  8.  35.]]

T Loss: 0.42690213918685915

T Loss(reg): 0.8322604537010193

V Loss: 0.5208344956239065

l1_neurons = 128
l2_neurons = 0
l3_neurons = 0
dp0 = 0
dp1 = 0.0
dp2 = 0
dp3 = 0
lr = 0.0007
wd = 1e-06
lambda1_dim1 = 0.0003
lambda2_dim1 = 0.05
lambda1_dim2 = 0.0008
lambda2_dim2 = 0.05
