2020-03-31 20:16:22.315821
Model name: diabnet/models/model-sp-soft-label-negatives-1000-dropout005-decay-091.pth'

Confusion matrix:
[[101.8         34.2       ]
 [ 33.83333333  10.16666667]]

T Loss: 0.4293155610561371

T Loss(reg): 0.7501139521598816

V Loss: 0.8522063189082676

l1_neurons = 128
l2_neurons = 0
l3_neurons = 0
dp0 = 0
dp1 = 0.05
dp2 = 0
dp3 = 0
lr = 0.0007
wd = 1e-06
lambda1_dim1 = 0.0003
lambda2_dim1 = 0.05
lambda1_dim2 = 0.0008
lambda2_dim2 = 0.05
