2020-03-06 21:34:09.816806
Model name: diabnet/models/model-sp-soft-label-positives-1000-decay-078.pth'

Confusion matrix:
[[128.56666667  22.43333333]
 [  5.56666667  23.43333333]]

T Loss: 0.44607359170913696

T Loss(reg): 0.77997807264328

V Loss: 0.5527607626385159

l1_neurons = 256
l2_neurons = 0
l3_neurons = 0
dp0 = 0
dp1 = 0.5
dp2 = 0
dp3 = 0
lr = 0.0007
wd = 1e-06
lambda1_dim1 = 0.0003
lambda2_dim1 = 0.05
lambda1_dim2 = 0.0008
lambda2_dim2 = 0.05
