2020-09-15 16:51:32.318125
Model name: diabnet/models/model-6-soft-label-age-random-1000-dropout0-bn-decay-flood-hyperopt-ax-batch256-adamw-lc1-20200915-058.pth

Accuracy: 0.6722222222222223

Balanced Accuracy: 0.48518518518518516

ECE: 0.17706361413002014

MCE: 0.8398283123970032

AUC-ROC: 0.4903703703703704

AVG-PREC: 0.24552415273757144

Confusion matrix:
[[116  19]
 [ 40   5]]

T Loss: 0.4532864902700697

T Loss(reg): 0.45459788186209543

V Loss: 0.7323780655860901

hidden_neurons = 6
dropout = 0.08658128211832698
lr = 0.002530315363231387
eps = 1.6516808099564973e-07
wd = 7.141119204788848e-05
lambda1_dim1 = 1.669665721023354e-06
lambda2_dim1 = 6.368583640194637e-07
lambda1_dim2 = 2.0342028053277926e-08
lambda2_dim2 = 2.0678941459740793e-11
flood_penalty = 0.18613187374510126
soft_label_alpha = 0.10348253777080188
sched-steps = 22
sched-gamma = 0.6213666892994011
beta1 = 0.9
beta2 = 0.999
batch_size = 256
