2020-04-06 19:28:04.596769
Model name: diabnet/models/model-sp-soft-label-random-1000-nodropout-decay-071.pth

Confusion matrix:
[[104.  34.]
 [ 32.  10.]]

T Loss: 0.4873212158679962

T Loss(reg): 0.8042957425117493

V Loss: 0.8149530490239462

l1_neurons = 128
l2_neurons = 0
l3_neurons = 0
dp0 = 0
dp1 = 0.0
dp2 = 0
dp3 = 0
lr = 0.0007
wd = 1e-06
lambda1_dim1 = 0.0003
lambda2_dim1 = 0.05
lambda1_dim2 = 0.0008
lambda2_dim2 = 0.05
