2020-03-24 16:14:43.572680
Model name: diabnet/models/model-sp-soft-label-positives-1000-dropout005-decay-045.pth'

Confusion matrix:
[[115.83333333  14.16666667]
 [ 18.          32.        ]]

T Loss: 0.4538774311542511

T Loss(reg): 0.8285268783569336

V Loss: 0.5421544190910127

l1_neurons = 128
l2_neurons = 0
l3_neurons = 0
dp0 = 0
dp1 = 0.05
dp2 = 0
dp3 = 0
lr = 0.0007
wd = 1e-06
lambda1_dim1 = 0.0003
lambda2_dim1 = 0.05
lambda1_dim2 = 0.0008
lambda2_dim2 = 0.05
