2020-03-06 17:37:38.492966
Model name: diabnet/models/model-sp-soft-label-positives-1000-decay-009.pth'

Confusion matrix:
[[131.46666667   8.53333333]
 [ 14.2         25.8       ]]

T Loss: 0.4373125910758972

T Loss(reg): 0.7678201794624329

V Loss: 0.5169931411743164

l1_neurons = 256
l2_neurons = 0
l3_neurons = 0
dp0 = 0
dp1 = 0.5
dp2 = 0
dp3 = 0
lr = 0.0007
wd = 1e-06
lambda1_dim1 = 0.0003
lambda2_dim1 = 0.05
lambda1_dim2 = 0.0008
lambda2_dim2 = 0.05
