2020-04-07 19:45:32.112071
Model name: diabnet/models/model-sp-soft-label-negative-1000-nodropout-decay-099.pth

Confusion matrix:
[[96. 34.]
 [41.  9.]]

T Loss: 0.44640270471572874

T Loss(reg): 0.7676187515258789

V Loss: 0.9108684062957764

l1_neurons = 128
l2_neurons = 0
l3_neurons = 0
dp0 = 0
dp1 = 0.0
dp2 = 0
dp3 = 0
lr = 0.0007
wd = 1e-06
lambda1_dim1 = 0.0003
lambda2_dim1 = 0.05
lambda1_dim2 = 0.0008
lambda2_dim2 = 0.05
