2020-09-14 16:02:20.531038
Model name: diabnet/models/model-6-soft-label-age-positives-1000-dropout0-bn-decay-flood-hyperopt-batch256-adamw-lc1-20200914-052.pth

Accuracy: 0.9111111111111111

Balanced Accuracy: 0.8715277777777778

ECE: 0.059078529477119446

MCE: 0.5106545686721802

AUC-ROC: 0.9612268518518519

AVG-PREC: 0.9142813580980237

Confusion matrix:
[[135   9]
 [  7  29]]

T Loss: 0.21749605451311385

T Loss(reg): 0.2185398084776742

V Loss: 0.35448551177978516

hidden_neurons = 6
dropout = 0.08658128211832698
lr = 0.002530315363231387
eps = 1.6516808099564973e-07
wd = 7.141119204788848e-05
lambda1_dim1 = 1.669665721023354e-06
lambda2_dim1 = 6.368583640194637e-07
lambda1_dim2 = 2.0342028053277926e-08
lambda2_dim2 = 2.0678941459740793e-11
flood_penalty = 0.18613187374510126
soft_label_alpha = 0.10348253777080188
sched-steps = 22
sched-gamma = 0.6213666892994011
beta1 = 0.9
beta2 = 0.999
batch_size = 256
