2020-04-03 15:51:22.755603
Model name: diabnet/models/model-sp-soft-label-random-1000-dropout005-decay-019.pth

Confusion matrix:
[[103.83333333  35.16666667]
 [ 31.13333333   9.86666667]]

T Loss: 0.47318785786628725

T Loss(reg): 0.7636726140975952

V Loss: 0.7954710834556156

l1_neurons = 128
l2_neurons = 0
l3_neurons = 0
dp0 = 0
dp1 = 0.05
dp2 = 0
dp3 = 0
lr = 0.0007
wd = 1e-06
lambda1_dim1 = 0.0003
lambda2_dim1 = 0.05
lambda1_dim2 = 0.0008
lambda2_dim2 = 0.05
