2020-04-09 23:19:30.831785
Model name: diabnet/models/model-sp-soft-label-negatives-1000-nodropout-bn-decay-074.pth

Confusion matrix:
[[95. 40.]
 [30. 15.]]

T Loss: 0.3359963595867157

T Loss(reg): 0.6920467019081116

V Loss: 1.058537205060323

l1_neurons = 128
l2_neurons = 0
l3_neurons = 0
dp0 = 0
dp1 = 0.0
dp2 = 0
dp3 = 0
lr = 0.0007
wd = 1e-06
lambda1_dim1 = 0.0003
lambda2_dim1 = 0.05
lambda1_dim2 = 0.0008
lambda2_dim2 = 0.05
