2020-04-06 19:21:06.280556
Model name: diabnet/models/model-sp-soft-label-random-1000-nodropout-decay-070.pth

Confusion matrix:
[[97. 35.]
 [34. 14.]]

T Loss: 0.43977523446083067

T Loss(reg): 0.7486941933631897

V Loss: 0.8425768415133158

l1_neurons = 128
l2_neurons = 0
l3_neurons = 0
dp0 = 0
dp1 = 0.0
dp2 = 0
dp3 = 0
lr = 0.0007
wd = 1e-06
lambda1_dim1 = 0.0003
lambda2_dim1 = 0.05
lambda1_dim2 = 0.0008
lambda2_dim2 = 0.05
