2020-04-03 16:11:35.179020
Model name: diabnet/models/model-sp-soft-label-random-1000-dropout005-decay-025.pth

Confusion matrix:
[[110.6  30.4]
 [ 30.7   8.3]]

T Loss: 0.46866180300712584

T Loss(reg): 0.7789013266563416

V Loss: 0.7985410140620337

l1_neurons = 128
l2_neurons = 0
l3_neurons = 0
dp0 = 0
dp1 = 0.05
dp2 = 0
dp3 = 0
lr = 0.0007
wd = 1e-06
lambda1_dim1 = 0.0003
lambda2_dim1 = 0.05
lambda1_dim2 = 0.0008
lambda2_dim2 = 0.05
