2020-03-24 13:45:17.537754
Model name: diabnet/models/model-sp-soft-label-positives-1000-dropout005-decay-000.pth'

Confusion matrix:
[[115.06666667  20.93333333]
 [ 15.33333333  28.66666667]]

T Loss: 0.4412628412246704

T Loss(reg): 0.8289313197135926

V Loss: 0.5624082638157739

l1_neurons = 128
l2_neurons = 0
l3_neurons = 0
dp0 = 0
dp1 = 0.05
dp2 = 0
dp3 = 0
lr = 0.0007
wd = 1e-06
lambda1_dim1 = 0.0003
lambda2_dim1 = 0.05
lambda1_dim2 = 0.0008
lambda2_dim2 = 0.05
