2020-04-07 09:16:32.628763
Model name: diabnet/models/model-sp-soft-label-negative-1000-nodropout-decay-012.pth

Confusion matrix:
[[104.  39.]
 [ 34.   3.]]

T Loss: 0.48485764265060427

T Loss(reg): 0.7918114781379699

V Loss: 0.8272834420204163

l1_neurons = 128
l2_neurons = 0
l3_neurons = 0
dp0 = 0
dp1 = 0.0
dp2 = 0
dp3 = 0
lr = 0.0007
wd = 1e-06
lambda1_dim1 = 0.0003
lambda2_dim1 = 0.05
lambda1_dim2 = 0.0008
lambda2_dim2 = 0.05
