2020-09-15 16:27:25.861575
Model name: diabnet/models/model-6-soft-label-age-positives-1000-dropout0-bn-decay-flood-hyperopt-ax-batch256-adamw-lc1-20200915-096.pth

Accuracy: 0.9222222222222223

Balanced Accuracy: 0.8835171966255678

ECE: 0.05545315146446228

MCE: 0.276189386844635

AUC-ROC: 0.958955223880597

AVG-PREC: 0.9181906010835582

Confusion matrix:
[[129   5]
 [  9  37]]

T Loss: 0.33030778595379423

T Loss(reg): 0.33166265913418363

V Loss: 0.3718312382698059

hidden_neurons = 6
dropout = 0.08658128211832698
lr = 0.002530315363231387
eps = 1.6516808099564973e-07
wd = 7.141119204788848e-05
lambda1_dim1 = 1.669665721023354e-06
lambda2_dim1 = 6.368583640194637e-07
lambda1_dim2 = 2.0342028053277926e-08
lambda2_dim2 = 2.0678941459740793e-11
flood_penalty = 0.18613187374510126
soft_label_alpha = 0.10348253777080188
sched-steps = 22
sched-gamma = 0.6213666892994011
beta1 = 0.9
beta2 = 0.999
batch_size = 256
