2020-03-24 14:54:57.685963
Model name: diabnet/models/model-sp-soft-label-positives-1000-dropout005-decay-021.pth'

Confusion matrix:
[[129.06666667  20.93333333]
 [  9.2         20.8       ]]

T Loss: 0.4452056348323822

T Loss(reg): 0.818428122997284

V Loss: 0.545657734407319

l1_neurons = 128
l2_neurons = 0
l3_neurons = 0
dp0 = 0
dp1 = 0.05
dp2 = 0
dp3 = 0
lr = 0.0007
wd = 1e-06
lambda1_dim1 = 0.0003
lambda2_dim1 = 0.05
lambda1_dim2 = 0.0008
lambda2_dim2 = 0.05
