2020-04-28 09:56:46.333032
Model name: diabnet/models/model-32-sp-soft-label-negatives-1000-dropout0-05-bn-decay-flood-013.pth

Confusion matrix:
[[121.  19.]
 [ 37.   3.]]

T Loss: 0.5714467763900757

T Loss(reg): 0.8398419380187988

V Loss: 0.7666483918825785

l1_neurons = 32
l2_neurons = 0
l3_neurons = 0
dp0 = 0.5
dp1 = 0.0
dp2 = 0
dp3 = 0
lr = 0.0007
wd = 1e-06
lambda1_dim1 = 0.0003
lambda2_dim1 = 0.05
lambda1_dim2 = 0.0008
lambda2_dim2 = 0.05
