2020-03-06 19:42:03.073975
Model name: diabnet/models/model-sp-soft-label-positives-1000-decay-045.pth'

Confusion matrix:
[[124.46666667  20.53333333]
 [ 13.66666667  21.33333333]]

T Loss: 0.4407720923423767

T Loss(reg): 0.7782336235046386

V Loss: 0.6025145815478431

l1_neurons = 256
l2_neurons = 0
l3_neurons = 0
dp0 = 0
dp1 = 0.5
dp2 = 0
dp3 = 0
lr = 0.0007
wd = 1e-06
lambda1_dim1 = 0.0003
lambda2_dim1 = 0.05
lambda1_dim2 = 0.0008
lambda2_dim2 = 0.05
