2020-04-06 18:32:09.410547
Model name: diabnet/models/model-sp-soft-label-random-1000-nodropout-decay-063.pth

Confusion matrix:
[[108.  35.]
 [ 23.  14.]]

T Loss: 0.4337720453739166

T Loss(reg): 0.7528174161911011

V Loss: 0.8159501155217489

l1_neurons = 128
l2_neurons = 0
l3_neurons = 0
dp0 = 0
dp1 = 0.0
dp2 = 0
dp3 = 0
lr = 0.0007
wd = 1e-06
lambda1_dim1 = 0.0003
lambda2_dim1 = 0.05
lambda1_dim2 = 0.0008
lambda2_dim2 = 0.05
