2020-09-15 16:46:50.134390
Model name: diabnet/models/model-6-soft-label-age-random-1000-dropout0-bn-decay-flood-hyperopt-ax-batch256-adamw-lc1-20200915-046.pth

Accuracy: 0.6222222222222222

Balanced Accuracy: 0.4554471284594465

ECE: 0.20041024684906006

MCE: 0.8976241946220398

AUC-ROC: 0.46040633498640215

AVG-PREC: 0.23166394563790907

Confusion matrix:
[[107  26]
 [ 42   5]]

T Loss: 0.4372183510235378

T Loss(reg): 0.43853704418454853

V Loss: 0.7992079257965088

hidden_neurons = 6
dropout = 0.08658128211832698
lr = 0.002530315363231387
eps = 1.6516808099564973e-07
wd = 7.141119204788848e-05
lambda1_dim1 = 1.669665721023354e-06
lambda2_dim1 = 6.368583640194637e-07
lambda1_dim2 = 2.0342028053277926e-08
lambda2_dim2 = 2.0678941459740793e-11
flood_penalty = 0.18613187374510126
soft_label_alpha = 0.10348253777080188
sched-steps = 22
sched-gamma = 0.6213666892994011
beta1 = 0.9
beta2 = 0.999
batch_size = 256
