2020-03-31 14:47:51.376781
Model name: diabnet/models/model-sp-soft-label-negatives-1000-dropout005-decay-040.pth'

Confusion matrix:
[[104.56666667  35.43333333]
 [ 32.13333333   7.86666667]]

T Loss: 0.5067781746387482

T Loss(reg): 0.7940644383430481

V Loss: 0.8206775678528679

l1_neurons = 128
l2_neurons = 0
l3_neurons = 0
dp0 = 0
dp1 = 0.05
dp2 = 0
dp3 = 0
lr = 0.0007
wd = 1e-06
lambda1_dim1 = 0.0003
lambda2_dim1 = 0.05
lambda1_dim2 = 0.0008
lambda2_dim2 = 0.05
