2020-03-16 18:15:41.522521
Model name: diabnet/models/model-sp-soft-label-positives-1000-nodropout-decay-054.pth'

Confusion matrix:
[[109.  27.]
 [  8.  36.]]

T Loss: 0.4488572597503662

T Loss(reg): 0.857845139503479

V Loss: 0.544320265452067

l1_neurons = 128
l2_neurons = 0
l3_neurons = 0
dp0 = 0
dp1 = 0.0
dp2 = 0
dp3 = 0
lr = 0.0007
wd = 1e-06
lambda1_dim1 = 0.0003
lambda2_dim1 = 0.05
lambda1_dim2 = 0.0008
lambda2_dim2 = 0.05
