2020-03-24 16:51:13.446104
Model name: diabnet/models/model-sp-soft-label-positives-1000-dropout005-decay-056.pth'

Confusion matrix:
[[120.7         15.3       ]
 [  8.63333333  35.36666667]]

T Loss: 0.44777204990386965

T Loss(reg): 0.818108069896698

V Loss: 0.5074157641993629

l1_neurons = 128
l2_neurons = 0
l3_neurons = 0
dp0 = 0
dp1 = 0.05
dp2 = 0
dp3 = 0
lr = 0.0007
wd = 1e-06
lambda1_dim1 = 0.0003
lambda2_dim1 = 0.05
lambda1_dim2 = 0.0008
lambda2_dim2 = 0.05
