2020-04-09 19:08:40.789405
Model name: diabnet/models/model-sp-soft-label-negatives-1000-nodropout-bn-decay-002.pth

Confusion matrix:
[[97. 50.]
 [21. 12.]]

T Loss: 0.3484444499015808

T Loss(reg): 0.7012640118598938

V Loss: 0.9812991619110107

l1_neurons = 128
l2_neurons = 0
l3_neurons = 0
dp0 = 0
dp1 = 0.0
dp2 = 0
dp3 = 0
lr = 0.0007
wd = 1e-06
lambda1_dim1 = 0.0003
lambda2_dim1 = 0.05
lambda1_dim2 = 0.0008
lambda2_dim2 = 0.05
