2020-03-16 18:46:24.180930
Model name: diabnet/models/model-sp-soft-label-positives-1000-nodropout-decay-063.pth'

Confusion matrix:
[[109.  20.]
 [ 16.  35.]]

T Loss: 0.45176306962966917

T Loss(reg): 0.8395453810691833

V Loss: 0.5650184551874796

l1_neurons = 128
l2_neurons = 0
l3_neurons = 0
dp0 = 0
dp1 = 0.0
dp2 = 0
dp3 = 0
lr = 0.0007
wd = 1e-06
lambda1_dim1 = 0.0003
lambda2_dim1 = 0.05
lambda1_dim2 = 0.0008
lambda2_dim2 = 0.05
