2020-04-28 10:32:26.030745
Model name: diabnet/models/model-32-sp-soft-label-negatives-1000-dropout0-05-bn-decay-flood-023.pth

Confusion matrix:
[[114.  23.]
 [ 32.  11.]]

T Loss: 0.5914624333381653

T Loss(reg): 0.8747134208679199

V Loss: 0.7063717246055603

l1_neurons = 32
l2_neurons = 0
l3_neurons = 0
dp0 = 0.5
dp1 = 0.0
dp2 = 0
dp3 = 0
lr = 0.0007
wd = 1e-06
lambda1_dim1 = 0.0003
lambda2_dim1 = 0.05
lambda1_dim2 = 0.0008
lambda2_dim2 = 0.05
