2020-09-15 17:12:06.001142
Model name: diabnet/models/model-6-soft-label-age-negatives-1000-dropout0-bn-decay-flood-hyperopt-ax-batch256-adamw-lc1-20200915-011.pth

Accuracy: 0.7277777777777777

Balanced Accuracy: 0.5431149732620321

ECE: 0.14532272517681122

MCE: 0.4466312825679779

AUC-ROC: 0.5910762032085561

AVG-PREC: 0.31064371618501646

Confusion matrix:
[[123  13]
 [ 36   8]]

T Loss: 0.4382668009826115

T Loss(reg): 0.4395563474723271

V Loss: 0.7009657025337219

hidden_neurons = 6
dropout = 0.08658128211832698
lr = 0.002530315363231387
eps = 1.6516808099564973e-07
wd = 7.141119204788848e-05
lambda1_dim1 = 1.669665721023354e-06
lambda2_dim1 = 6.368583640194637e-07
lambda1_dim2 = 2.0342028053277926e-08
lambda2_dim2 = 2.0678941459740793e-11
flood_penalty = 0.18613187374510126
soft_label_alpha = 0.10348253777080188
sched-steps = 22
sched-gamma = 0.6213666892994011
beta1 = 0.9
beta2 = 0.999
batch_size = 256
