2020-03-31 13:50:25.572289
Model name: diabnet/models/model-sp-soft-label-negatives-1000-dropout005-decay-025.pth'

Confusion matrix:
[[112.9         28.1       ]
 [ 32.26666667   6.73333333]]

T Loss: 0.47745250463485717

T Loss(reg): 0.7661754846572876

V Loss: 0.8089741812811957

l1_neurons = 128
l2_neurons = 0
l3_neurons = 0
dp0 = 0
dp1 = 0.05
dp2 = 0
dp3 = 0
lr = 0.0007
wd = 1e-06
lambda1_dim1 = 0.0003
lambda2_dim1 = 0.05
lambda1_dim2 = 0.0008
lambda2_dim2 = 0.05
