2020-03-24 19:09:14.679341
Model name: diabnet/models/model-sp-soft-label-positives-1000-dropout005-decay-097.pth'

Confusion matrix:
[[122.46666667  12.53333333]
 [ 20.83333333  24.16666667]]

T Loss: 0.4545664429664612

T Loss(reg): 0.8262765049934387

V Loss: 0.5431692838668823

l1_neurons = 128
l2_neurons = 0
l3_neurons = 0
dp0 = 0
dp1 = 0.05
dp2 = 0
dp3 = 0
lr = 0.0007
wd = 1e-06
lambda1_dim1 = 0.0003
lambda2_dim1 = 0.05
lambda1_dim2 = 0.0008
lambda2_dim2 = 0.05
