2020-09-15 16:54:35.511858
Model name: diabnet/models/model-6-soft-label-age-random-1000-dropout0-bn-decay-flood-hyperopt-ax-batch256-adamw-lc1-20200915-066.pth

Accuracy: 0.6777777777777778

Balanced Accuracy: 0.4967767929089444

ECE: 0.1796022206544876

MCE: 0.858055591583252

AUC-ROC: 0.5431103948428686

AVG-PREC: 0.1975793615824859

Confusion matrix:
[[115  31]
 [ 27   7]]

T Loss: 0.4169462663786752

T Loss(reg): 0.4182394487517221

V Loss: 0.6983017325401306

hidden_neurons = 6
dropout = 0.08658128211832698
lr = 0.002530315363231387
eps = 1.6516808099564973e-07
wd = 7.141119204788848e-05
lambda1_dim1 = 1.669665721023354e-06
lambda2_dim1 = 6.368583640194637e-07
lambda1_dim2 = 2.0342028053277926e-08
lambda2_dim2 = 2.0678941459740793e-11
flood_penalty = 0.18613187374510126
soft_label_alpha = 0.10348253777080188
sched-steps = 22
sched-gamma = 0.6213666892994011
beta1 = 0.9
beta2 = 0.999
batch_size = 256
