2020-09-15 16:58:28.298545
Model name: diabnet/models/model-6-soft-label-age-random-1000-dropout0-bn-decay-flood-hyperopt-ax-batch256-adamw-lc1-20200915-076.pth

Accuracy: 0.6833333333333333

Balanced Accuracy: 0.4787784679089027

ECE: 0.13651004433631897

MCE: 0.8101464509963989

AUC-ROC: 0.5619392684610076

AVG-PREC: 0.2667686665093752

Confusion matrix:
[[119  19]
 [ 38   4]]

T Loss: 0.431286232812064

T Loss(reg): 0.432634847504752

V Loss: 0.699379026889801

hidden_neurons = 6
dropout = 0.08658128211832698
lr = 0.002530315363231387
eps = 1.6516808099564973e-07
wd = 7.141119204788848e-05
lambda1_dim1 = 1.669665721023354e-06
lambda2_dim1 = 6.368583640194637e-07
lambda1_dim2 = 2.0342028053277926e-08
lambda2_dim2 = 2.0678941459740793e-11
flood_penalty = 0.18613187374510126
soft_label_alpha = 0.10348253777080188
sched-steps = 22
sched-gamma = 0.6213666892994011
beta1 = 0.9
beta2 = 0.999
batch_size = 256
