2020-03-24 17:14:34.875012
Model name: diabnet/models/model-sp-soft-label-positives-1000-dropout005-decay-063.pth'

Confusion matrix:
[[125.23333333  11.76666667]
 [  9.83333333  33.16666667]]

T Loss: 0.44574316740036013

T Loss(reg): 0.8289211750030517

V Loss: 0.540952577193578

l1_neurons = 128
l2_neurons = 0
l3_neurons = 0
dp0 = 0
dp1 = 0.05
dp2 = 0
dp3 = 0
lr = 0.0007
wd = 1e-06
lambda1_dim1 = 0.0003
lambda2_dim1 = 0.05
lambda1_dim2 = 0.0008
lambda2_dim2 = 0.05
