2020-09-15 17:17:05.158737
Model name: diabnet/models/model-6-soft-label-age-negatives-1000-dropout0-bn-decay-flood-hyperopt-ax-batch256-adamw-lc1-20200915-024.pth

Accuracy: 0.6611111111111111

Balanced Accuracy: 0.4382876204595997

ECE: 0.21439285576343536

MCE: 0.8504896759986877

AUC-ROC: 0.4525574499629355

AVG-PREC: 0.18679211646262545

Confusion matrix:
[[117  25]
 [ 36   2]]

T Loss: 0.4470785345349993

T Loss(reg): 0.44842652337891714

V Loss: 0.7293813824653625

hidden_neurons = 6
dropout = 0.08658128211832698
lr = 0.002530315363231387
eps = 1.6516808099564973e-07
wd = 7.141119204788848e-05
lambda1_dim1 = 1.669665721023354e-06
lambda2_dim1 = 6.368583640194637e-07
lambda1_dim2 = 2.0342028053277926e-08
lambda2_dim2 = 2.0678941459740793e-11
flood_penalty = 0.18613187374510126
soft_label_alpha = 0.10348253777080188
sched-steps = 22
sched-gamma = 0.6213666892994011
beta1 = 0.9
beta2 = 0.999
batch_size = 256
