2020-03-31 15:17:26.409126
Model name: diabnet/models/model-sp-soft-label-negatives-1000-dropout005-decay-048.pth'

Confusion matrix:
[[108.93333333  24.06666667]
 [ 37.33333333   9.66666667]]

T Loss: 0.46909493803977964

T Loss(reg): 0.7757163405418396

V Loss: 0.8338086704413096

l1_neurons = 128
l2_neurons = 0
l3_neurons = 0
dp0 = 0
dp1 = 0.05
dp2 = 0
dp3 = 0
lr = 0.0007
wd = 1e-06
lambda1_dim1 = 0.0003
lambda2_dim1 = 0.05
lambda1_dim2 = 0.0008
lambda2_dim2 = 0.05
