2020-09-15 17:46:14.441618
Model name: diabnet/models/model-6-soft-label-age-negatives-1000-dropout0-bn-decay-flood-hyperopt-ax-batch256-adamw-lc1-20200915-099.pth

Accuracy: 0.6888888888888889

Balanced Accuracy: 0.46964285714285714

ECE: 0.1814878135919571

MCE: 0.7279879450798035

AUC-ROC: 0.5376785714285715

AVG-PREC: 0.24757527239367033

Confusion matrix:
[[121  19]
 [ 37   3]]

T Loss: 0.4345075615814754

T Loss(reg): 0.43583379473005024

V Loss: 0.7005341053009033

hidden_neurons = 6
dropout = 0.08658128211832698
lr = 0.002530315363231387
eps = 1.6516808099564973e-07
wd = 7.141119204788848e-05
lambda1_dim1 = 1.669665721023354e-06
lambda2_dim1 = 6.368583640194637e-07
lambda1_dim2 = 2.0342028053277926e-08
lambda2_dim2 = 2.0678941459740793e-11
flood_penalty = 0.18613187374510126
soft_label_alpha = 0.10348253777080188
sched-steps = 22
sched-gamma = 0.6213666892994011
beta1 = 0.9
beta2 = 0.999
batch_size = 256
