2020-03-24 14:08:29.577954
Model name: diabnet/models/model-sp-soft-label-positives-1000-dropout005-decay-007.pth'

Confusion matrix:
[[127.9  15.1]
 [ 12.1  24.9]]

T Loss: 0.46169774532318114

T Loss(reg): 0.8331630110740662

V Loss: 0.5187421451012294

l1_neurons = 128
l2_neurons = 0
l3_neurons = 0
dp0 = 0
dp1 = 0.05
dp2 = 0
dp3 = 0
lr = 0.0007
wd = 1e-06
lambda1_dim1 = 0.0003
lambda2_dim1 = 0.05
lambda1_dim2 = 0.0008
lambda2_dim2 = 0.05
