2020-09-15 16:41:06.979862
Model name: diabnet/models/model-6-soft-label-age-random-1000-dropout0-bn-decay-flood-hyperopt-ax-batch256-adamw-lc1-20200915-031.pth

Accuracy: 0.6944444444444444

Balanced Accuracy: 0.4690511489992587

ECE: 0.15808920562267303

MCE: 0.7466803789138794

AUC-ROC: 0.5378057820607858

AVG-PREC: 0.21435982062272504

Confusion matrix:
[[122  20]
 [ 35   3]]

T Loss: 0.44895414795194355

T Loss(reg): 0.4503294953278133

V Loss: 0.6622549295425415

hidden_neurons = 6
dropout = 0.08658128211832698
lr = 0.002530315363231387
eps = 1.6516808099564973e-07
wd = 7.141119204788848e-05
lambda1_dim1 = 1.669665721023354e-06
lambda2_dim1 = 6.368583640194637e-07
lambda1_dim2 = 2.0342028053277926e-08
lambda2_dim2 = 2.0678941459740793e-11
flood_penalty = 0.18613187374510126
soft_label_alpha = 0.10348253777080188
sched-steps = 22
sched-gamma = 0.6213666892994011
beta1 = 0.9
beta2 = 0.999
batch_size = 256
