2020-09-15 16:21:54.006924
Model name: diabnet/models/model-6-soft-label-age-positives-1000-dropout0-bn-decay-flood-hyperopt-ax-batch256-adamw-lc1-20200915-082.pth

Accuracy: 0.8555555555555555

Balanced Accuracy: 0.7815734989648033

ECE: 0.0550135001540184

MCE: 0.137221559882164

AUC-ROC: 0.8812974465148379

AVG-PREC: 0.7599335189348515

Confusion matrix:
[[127  11]
 [ 15  27]]

T Loss: 0.35861329095704214

T Loss(reg): 0.3599155332360949

V Loss: 0.4505566954612732

hidden_neurons = 6
dropout = 0.08658128211832698
lr = 0.002530315363231387
eps = 1.6516808099564973e-07
wd = 7.141119204788848e-05
lambda1_dim1 = 1.669665721023354e-06
lambda2_dim1 = 6.368583640194637e-07
lambda1_dim2 = 2.0342028053277926e-08
lambda2_dim2 = 2.0678941459740793e-11
flood_penalty = 0.18613187374510126
soft_label_alpha = 0.10348253777080188
sched-steps = 22
sched-gamma = 0.6213666892994011
beta1 = 0.9
beta2 = 0.999
batch_size = 256
