2020-03-24 15:18:13.157669
Model name: diabnet/models/model-sp-soft-label-positives-1000-dropout005-decay-028.pth'

Confusion matrix:
[[116.4  15.6]
 [ 11.9  36.1]]

T Loss: 0.4596561074256897

T Loss(reg): 0.8015370845794678

V Loss: 0.5300082332558103

l1_neurons = 128
l2_neurons = 0
l3_neurons = 0
dp0 = 0
dp1 = 0.05
dp2 = 0
dp3 = 0
lr = 0.0007
wd = 1e-06
lambda1_dim1 = 0.0003
lambda2_dim1 = 0.05
lambda1_dim2 = 0.0008
lambda2_dim2 = 0.05
