2020-04-30 12:37:15.809326
Model name: diabnet/models/model-32-sp-soft-label-randomized_1_positives-1000-dropout0-05-bn-decay-flood-020.pth

Confusion matrix:
[[107.  28.]
 [ 32.  13.]]

T Loss: 0.5135240912437439

T Loss(reg): 0.8903164029121399

V Loss: 0.767581045627594

l1_neurons = 32
l2_neurons = 0
l3_neurons = 0
dp0 = 0.5
dp1 = 0.0
dp2 = 0
dp3 = 0
lr = 0.0007
wd = 1e-06
lambda1_dim1 = 0.0003
lambda2_dim1 = 0.05
lambda1_dim2 = 0.0008
lambda2_dim2 = 0.05
