2020-04-28 14:36:32.570701
Model name: diabnet/models/model-32-sp-soft-label-negatives-1000-dropout0-05-bn-decay-flood-089.pth

Confusion matrix:
[[110.  33.]
 [ 31.   6.]]

T Loss: 0.545473039150238

T Loss(reg): 0.8305623292922973

V Loss: 0.7139198382695516

l1_neurons = 32
l2_neurons = 0
l3_neurons = 0
dp0 = 0.5
dp1 = 0.0
dp2 = 0
dp3 = 0
lr = 0.0007
wd = 1e-06
lambda1_dim1 = 0.0003
lambda2_dim1 = 0.05
lambda1_dim2 = 0.0008
lambda2_dim2 = 0.05
