2020-04-03 19:46:12.551394
Model name: diabnet/models/model-sp-soft-label-random-1000-dropout005-decay-088.pth

Confusion matrix:
[[108.9         34.1       ]
 [ 32.06666667   4.93333333]]

T Loss: 0.5266580700874328

T Loss(reg): 0.8270119786262512

V Loss: 0.776971869998508

l1_neurons = 128
l2_neurons = 0
l3_neurons = 0
dp0 = 0
dp1 = 0.05
dp2 = 0
dp3 = 0
lr = 0.0007
wd = 1e-06
lambda1_dim1 = 0.0003
lambda2_dim1 = 0.05
lambda1_dim2 = 0.0008
lambda2_dim2 = 0.05
