2020-03-06 19:55:38.417946
Model name: diabnet/models/model-sp-soft-label-positives-1000-decay-049.pth'

Confusion matrix:
[[117.3  14.7]
 [ 14.1  33.9]]

T Loss: 0.44698524475097656

T Loss(reg): 0.7895131587982178

V Loss: 0.5705562657780118

l1_neurons = 256
l2_neurons = 0
l3_neurons = 0
dp0 = 0
dp1 = 0.5
dp2 = 0
dp3 = 0
lr = 0.0007
wd = 1e-06
lambda1_dim1 = 0.0003
lambda2_dim1 = 0.05
lambda1_dim2 = 0.0008
lambda2_dim2 = 0.05
