2020-04-06 20:03:04.610906
Model name: diabnet/models/model-sp-soft-label-random-1000-nodropout-decay-076.pth

Confusion matrix:
[[108.  30.]
 [ 35.   7.]]

T Loss: 0.4328662157058716

T Loss(reg): 0.7337352514266968

V Loss: 0.7936499118804932

l1_neurons = 128
l2_neurons = 0
l3_neurons = 0
dp0 = 0
dp1 = 0.0
dp2 = 0
dp3 = 0
lr = 0.0007
wd = 1e-06
lambda1_dim1 = 0.0003
lambda2_dim1 = 0.05
lambda1_dim2 = 0.0008
lambda2_dim2 = 0.05
