2020-04-28 17:07:49.876723
Model name: diabnet/models/model-32-sp-soft-label-random-1000-dropout0-05-bn-decay-flood-022.pth

Confusion matrix:
[[110.  29.]
 [ 29.  12.]]

T Loss: 0.5379315495491028

T Loss(reg): 0.8308093428611756

V Loss: 0.7787785331408182

l1_neurons = 32
l2_neurons = 0
l3_neurons = 0
dp0 = 0.5
dp1 = 0.0
dp2 = 0
dp3 = 0
lr = 0.0007
wd = 1e-06
lambda1_dim1 = 0.0003
lambda2_dim1 = 0.05
lambda1_dim2 = 0.0008
lambda2_dim2 = 0.05
