2020-04-03 18:10:23.215846
Model name: diabnet/models/model-sp-soft-label-random-1000-dropout005-decay-060.pth

Confusion matrix:
[[99.83333333 37.16666667]
 [29.43333333 13.56666667]]

T Loss: 0.4648438334465027

T Loss(reg): 0.7693460822105408

V Loss: 0.8156089067459107

l1_neurons = 128
l2_neurons = 0
l3_neurons = 0
dp0 = 0
dp1 = 0.05
dp2 = 0
dp3 = 0
lr = 0.0007
wd = 1e-06
lambda1_dim1 = 0.0003
lambda2_dim1 = 0.05
lambda1_dim2 = 0.0008
lambda2_dim2 = 0.05
