2020-03-06 17:30:22.491025
Model name: diabnet/models/model-sp-soft-label-positives-1000-decay-007.pth'

Confusion matrix:
[[123.63333333  15.36666667]
 [ 13.4         27.6       ]]

T Loss: 0.4499987542629242

T Loss(reg): 0.7836243987083436

V Loss: 0.5475043528609805

l1_neurons = 256
l2_neurons = 0
l3_neurons = 0
dp0 = 0
dp1 = 0.5
dp2 = 0
dp3 = 0
lr = 0.0007
wd = 1e-06
lambda1_dim1 = 0.0003
lambda2_dim1 = 0.05
lambda1_dim2 = 0.0008
lambda2_dim2 = 0.05
