2020-09-14 15:48:19.149147
Model name: diabnet/models/model-6-soft-label-age-positives-1000-dropout0-bn-decay-flood-hyperopt-batch256-adamw-lc1-20200914-023.pth

Accuracy: 0.9

Balanced Accuracy: 0.8685918234912395

ECE: 0.0795186311006546

MCE: 0.4170388877391815

AUC-ROC: 0.922290720311486

AVG-PREC: 0.8544054537426978

Confusion matrix:
[[125   9]
 [  9  37]]

T Loss: 0.21928561798163823

T Loss(reg): 0.22036848962306976

V Loss: 0.43806391954421997

hidden_neurons = 6
dropout = 0.08658128211832698
lr = 0.002530315363231387
eps = 1.6516808099564973e-07
wd = 7.141119204788848e-05
lambda1_dim1 = 1.669665721023354e-06
lambda2_dim1 = 6.368583640194637e-07
lambda1_dim2 = 2.0342028053277926e-08
lambda2_dim2 = 2.0678941459740793e-11
flood_penalty = 0.18613187374510126
soft_label_alpha = 0.10348253777080188
sched-steps = 22
sched-gamma = 0.6213666892994011
beta1 = 0.9
beta2 = 0.999
batch_size = 256
