2020-04-09 19:05:15.038071
Model name: diabnet/models/model-sp-soft-label-negatives-1000-nodropout-bn-decay-001.pth

Confusion matrix:
[[85. 47.]
 [30. 18.]]

T Loss: 0.34402633309364317

T Loss(reg): 0.6727715969085694

V Loss: 1.022695779800415

l1_neurons = 128
l2_neurons = 0
l3_neurons = 0
dp0 = 0
dp1 = 0.0
dp2 = 0
dp3 = 0
lr = 0.0007
wd = 1e-06
lambda1_dim1 = 0.0003
lambda2_dim1 = 0.05
lambda1_dim2 = 0.0008
lambda2_dim2 = 0.05
