2020-03-24 16:31:18.376837
Model name: diabnet/models/model-sp-soft-label-positives-1000-dropout005-decay-050.pth'

Confusion matrix:
[[123.8  10.2]
 [ 16.1  29.9]]

T Loss: 0.4572268545627594

T Loss(reg): 0.8333650469779968

V Loss: 0.5472812354564667

l1_neurons = 128
l2_neurons = 0
l3_neurons = 0
dp0 = 0
dp1 = 0.05
dp2 = 0
dp3 = 0
lr = 0.0007
wd = 1e-06
lambda1_dim1 = 0.0003
lambda2_dim1 = 0.05
lambda1_dim2 = 0.0008
lambda2_dim2 = 0.05
