2020-04-06 12:21:41.126050
Model name: diabnet/models/model-sp-soft-label-random-1000-nodropout-decay-010.pth

Confusion matrix:
[[96. 42.]
 [30. 12.]]

T Loss: 0.4849707007408142

T Loss(reg): 0.796160888671875

V Loss: 0.8281422257423401

l1_neurons = 128
l2_neurons = 0
l3_neurons = 0
dp0 = 0
dp1 = 0.0
dp2 = 0
dp3 = 0
lr = 0.0007
wd = 1e-06
lambda1_dim1 = 0.0003
lambda2_dim1 = 0.05
lambda1_dim2 = 0.0008
lambda2_dim2 = 0.05
