2020-09-15 16:23:28.891562
Model name: diabnet/models/model-6-soft-label-age-positives-1000-dropout0-bn-decay-flood-hyperopt-ax-batch256-adamw-lc1-20200915-086.pth

Accuracy: 0.8888888888888888

Balanced Accuracy: 0.84472049689441

ECE: 0.06646182388067245

MCE: 0.40513378381729126

AUC-ROC: 0.9413388543823327

AVG-PREC: 0.8433768756415997

Confusion matrix:
[[128  10]
 [ 10  32]]

T Loss: 0.32396156447274344

T Loss(reg): 0.3252903308187212

V Loss: 0.39080092310905457

hidden_neurons = 6
dropout = 0.08658128211832698
lr = 0.002530315363231387
eps = 1.6516808099564973e-07
wd = 7.141119204788848e-05
lambda1_dim1 = 1.669665721023354e-06
lambda2_dim1 = 6.368583640194637e-07
lambda1_dim2 = 2.0342028053277926e-08
lambda2_dim2 = 2.0678941459740793e-11
flood_penalty = 0.18613187374510126
soft_label_alpha = 0.10348253777080188
sched-steps = 22
sched-gamma = 0.6213666892994011
beta1 = 0.9
beta2 = 0.999
batch_size = 256
