2020-04-07 09:45:04.012012
Model name: diabnet/models/model-sp-soft-label-negative-1000-nodropout-decay-018.pth

Confusion matrix:
[[108.  29.]
 [ 39.   4.]]

T Loss: 0.48904942274093627

T Loss(reg): 0.8226888418197632

V Loss: 0.8139467835426331

l1_neurons = 128
l2_neurons = 0
l3_neurons = 0
dp0 = 0
dp1 = 0.0
dp2 = 0
dp3 = 0
lr = 0.0007
wd = 1e-06
lambda1_dim1 = 0.0003
lambda2_dim1 = 0.05
lambda1_dim2 = 0.0008
lambda2_dim2 = 0.05
