2020-09-15 17:09:21.805014
Model name: diabnet/models/model-6-soft-label-age-negatives-1000-dropout0-bn-decay-flood-hyperopt-ax-batch256-adamw-lc1-20200915-004.pth

Accuracy: 0.6388888888888888

Balanced Accuracy: 0.46891711229946526

ECE: 0.17007769644260406

MCE: 0.8059002757072449

AUC-ROC: 0.49983288770053474

AVG-PREC: 0.2529590702448863

Confusion matrix:
[[109  27]
 [ 38   6]]

T Loss: 0.4529117260660444

T Loss(reg): 0.4542315219129835

V Loss: 0.7108073830604553

hidden_neurons = 6
dropout = 0.08658128211832698
lr = 0.002530315363231387
eps = 1.6516808099564973e-07
wd = 7.141119204788848e-05
lambda1_dim1 = 1.669665721023354e-06
lambda2_dim1 = 6.368583640194637e-07
lambda1_dim2 = 2.0342028053277926e-08
lambda2_dim2 = 2.0678941459740793e-11
flood_penalty = 0.18613187374510126
soft_label_alpha = 0.10348253777080188
sched-steps = 22
sched-gamma = 0.6213666892994011
beta1 = 0.9
beta2 = 0.999
batch_size = 256
