2020-04-03 18:24:05.754655
Model name: diabnet/models/model-sp-soft-label-random-1000-dropout005-decay-064.pth

Confusion matrix:
[[104.13333333  34.86666667]
 [ 32.6          8.4       ]]

T Loss: 0.4880597829818726

T Loss(reg): 0.796441626548767

V Loss: 0.817306043042077

l1_neurons = 128
l2_neurons = 0
l3_neurons = 0
dp0 = 0
dp1 = 0.05
dp2 = 0
dp3 = 0
lr = 0.0007
wd = 1e-06
lambda1_dim1 = 0.0003
lambda2_dim1 = 0.05
lambda1_dim2 = 0.0008
lambda2_dim2 = 0.05
