2020-03-31 19:29:06.029264
Model name: diabnet/models/model-sp-soft-label-negatives-1000-dropout005-decay-083.pth'

Confusion matrix:
[[96.43333333 37.56666667]
 [39.73333333  6.26666667]]

T Loss: 0.4916154444217682

T Loss(reg): 0.7888542294502259

V Loss: 0.9049329777558645

l1_neurons = 128
l2_neurons = 0
l3_neurons = 0
dp0 = 0
dp1 = 0.05
dp2 = 0
dp3 = 0
lr = 0.0007
wd = 1e-06
lambda1_dim1 = 0.0003
lambda2_dim1 = 0.05
lambda1_dim2 = 0.0008
lambda2_dim2 = 0.05
