2020-04-03 17:49:51.383309
Model name: diabnet/models/model-sp-soft-label-random-1000-dropout005-decay-054.pth

Confusion matrix:
[[117.93333333  25.06666667]
 [ 28.93333333   8.06666667]]

T Loss: 0.4738272726535797

T Loss(reg): 0.7652475237846375

V Loss: 0.7737222419844734

l1_neurons = 128
l2_neurons = 0
l3_neurons = 0
dp0 = 0
dp1 = 0.05
dp2 = 0
dp3 = 0
lr = 0.0007
wd = 1e-06
lambda1_dim1 = 0.0003
lambda2_dim1 = 0.05
lambda1_dim2 = 0.0008
lambda2_dim2 = 0.05
