2020-04-28 00:56:41.571735
Model name: diabnet/models/model-32-sp-soft-label-positives-1000-dropout0-05-bn-decay-flood-096.pth

Confusion matrix:
[[138.  12.]
 [  7.  23.]]

T Loss: 0.46745170950889586

T Loss(reg): 0.8121624231338501

V Loss: 0.5234007438023885

l1_neurons = 32
l2_neurons = 0
l3_neurons = 0
dp0 = 0.5
dp1 = 0.0
dp2 = 0
dp3 = 0
lr = 0.0007
wd = 1e-06
lambda1_dim1 = 0.0003
lambda2_dim1 = 0.05
lambda1_dim2 = 0.0008
lambda2_dim2 = 0.05
