2020-09-15 16:43:48.403587
Model name: diabnet/models/model-6-soft-label-age-random-1000-dropout0-bn-decay-flood-hyperopt-ax-batch256-adamw-lc1-20200915-038.pth

Accuracy: 0.6722222222222223

Balanced Accuracy: 0.4686450167973124

ECE: 0.15434801578521729

MCE: 0.4950031638145447

AUC-ROC: 0.5221564549672053

AVG-PREC: 0.25465831527362165

Confusion matrix:
[[119  14]
 [ 45   2]]

T Loss: 0.48508900829723905

T Loss(reg): 0.4864004637513842

V Loss: 0.6889897584915161

hidden_neurons = 6
dropout = 0.08658128211832698
lr = 0.002530315363231387
eps = 1.6516808099564973e-07
wd = 7.141119204788848e-05
lambda1_dim1 = 1.669665721023354e-06
lambda2_dim1 = 6.368583640194637e-07
lambda1_dim2 = 2.0342028053277926e-08
lambda2_dim2 = 2.0678941459740793e-11
flood_penalty = 0.18613187374510126
soft_label_alpha = 0.10348253777080188
sched-steps = 22
sched-gamma = 0.6213666892994011
beta1 = 0.9
beta2 = 0.999
batch_size = 256
