2020-03-24 15:34:51.225419
Model name: diabnet/models/model-sp-soft-label-positives-1000-dropout005-decay-033.pth'

Confusion matrix:
[[115.93333333  16.06666667]
 [ 13.46666667  34.53333333]]

T Loss: 0.4454279839992523

T Loss(reg): 0.8340703248977661

V Loss: 0.5699010070827272

l1_neurons = 128
l2_neurons = 0
l3_neurons = 0
dp0 = 0
dp1 = 0.05
dp2 = 0
dp3 = 0
lr = 0.0007
wd = 1e-06
lambda1_dim1 = 0.0003
lambda2_dim1 = 0.05
lambda1_dim2 = 0.0008
lambda2_dim2 = 0.05
