2020-09-15 16:59:38.537849
Model name: diabnet/models/model-6-soft-label-age-random-1000-dropout0-bn-decay-flood-hyperopt-ax-batch256-adamw-lc1-20200915-079.pth

Accuracy: 0.7055555555555556

Balanced Accuracy: 0.5146404744255003

ECE: 0.10497312992811203

MCE: 0.5052093267440796

AUC-ROC: 0.6323202372127502

AVG-PREC: 0.27751294412315375

Confusion matrix:
[[120  22]
 [ 31   7]]

T Loss: 0.46129319071769714

T Loss(reg): 0.4626150131225586

V Loss: 0.6180670857429504

hidden_neurons = 6
dropout = 0.08658128211832698
lr = 0.002530315363231387
eps = 1.6516808099564973e-07
wd = 7.141119204788848e-05
lambda1_dim1 = 1.669665721023354e-06
lambda2_dim1 = 6.368583640194637e-07
lambda1_dim2 = 2.0342028053277926e-08
lambda2_dim2 = 2.0678941459740793e-11
flood_penalty = 0.18613187374510126
soft_label_alpha = 0.10348253777080188
sched-steps = 22
sched-gamma = 0.6213666892994011
beta1 = 0.9
beta2 = 0.999
batch_size = 256
