2020-04-28 18:57:28.893986
Model name: diabnet/models/model-32-sp-soft-label-random-1000-dropout0-05-bn-decay-flood-053.pth

Confusion matrix:
[[120.  17.]
 [ 37.   6.]]

T Loss: 0.5200140833854675

T Loss(reg): 0.7997197270393371

V Loss: 0.7652977705001831

l1_neurons = 32
l2_neurons = 0
l3_neurons = 0
dp0 = 0.5
dp1 = 0.0
dp2 = 0
dp3 = 0
lr = 0.0007
wd = 1e-06
lambda1_dim1 = 0.0003
lambda2_dim1 = 0.05
lambda1_dim2 = 0.0008
lambda2_dim2 = 0.05
