2020-04-09 12:56:09.913489
Model name: diabnet/models/model-sp-soft-label-positives-1000-nodropout-bn-decay-018.pth

Confusion matrix:
[[113.  24.]
 [  6.  37.]]

T Loss: 0.43802447319030763

T Loss(reg): 0.8521806836128235

V Loss: 0.5310102502504984

l1_neurons = 128
l2_neurons = 0
l3_neurons = 0
dp0 = 0
dp1 = 0.0
dp2 = 0
dp3 = 0
lr = 0.0007
wd = 1e-06
lambda1_dim1 = 0.0003
lambda2_dim1 = 0.05
lambda1_dim2 = 0.0008
lambda2_dim2 = 0.05
