2020-04-15 21:05:07.746328
Model name: diabnet/models/model-32-sp-soft-label-positives-1000-dropout0-05-bn-decay-094.pth

Confusion matrix:
[[120.  15.]
 [ 10.  35.]]

T Loss: 0.4643476128578186

T Loss(reg): 0.8178436994552613

V Loss: 0.5202551682790121

l1_neurons = 32
l2_neurons = 0
l3_neurons = 0
dp0 = 0.5
dp1 = 0.0
dp2 = 0
dp3 = 0
lr = 0.0007
wd = 1e-06
lambda1_dim1 = 0.0003
lambda2_dim1 = 0.05
lambda1_dim2 = 0.0008
lambda2_dim2 = 0.05
