2020-04-30 12:44:17.916411
Model name: diabnet/models/model-32-sp-soft-label-randomized_1_positives-1000-dropout0-05-bn-decay-flood-022.pth

Confusion matrix:
[[109.  30.]
 [ 23.  18.]]

T Loss: 0.5142284572124481

T Loss(reg): 0.8862015724182128

V Loss: 0.7530897855758667

l1_neurons = 32
l2_neurons = 0
l3_neurons = 0
dp0 = 0.5
dp1 = 0.0
dp2 = 0
dp3 = 0
lr = 0.0007
wd = 1e-06
lambda1_dim1 = 0.0003
lambda2_dim1 = 0.05
lambda1_dim2 = 0.0008
lambda2_dim2 = 0.05
