2020-05-22 17:08:24.860368
Model name: diabnet/models/model-13-sp-soft-label-random-2500-dropout0-bn-decay-flood-hyperopt-012.pth

Confusion matrix:
[[3.2        1.36666667]
 [0.93333333 0.5       ]]

T Loss: 0.3891990602016449

T Loss(reg): 0.3891990602016449

V Loss: 0.8510735829671224

l1_neurons = 13
l2_neurons = 0
l3_neurons = 0
dp0 = 0.45
dp1 = 0.0
dp2 = 0
dp3 = 0
lr = 0.0045
wd = 1e-06
lambda1_dim1 = 0.0
lambda2_dim1 = 7.5e-05
lambda1_dim2 = 0.0
lambda2_dim2 = 5e-05
flood_penalty = 0.39
