2020-03-31 15:58:29.029480
Model name: diabnet/models/model-sp-soft-label-negatives-1000-dropout005-decay-056.pth'

Confusion matrix:
[[104.76666667  33.23333333]
 [ 35.33333333   6.66666667]]

T Loss: 0.4937506139278412

T Loss(reg): 0.7927934288978576

V Loss: 0.8249076114760505

l1_neurons = 128
l2_neurons = 0
l3_neurons = 0
dp0 = 0
dp1 = 0.05
dp2 = 0
dp3 = 0
lr = 0.0007
wd = 1e-06
lambda1_dim1 = 0.0003
lambda2_dim1 = 0.05
lambda1_dim2 = 0.0008
lambda2_dim2 = 0.05
