2020-04-03 16:38:34.712851
Model name: diabnet/models/model-sp-soft-label-random-1000-dropout005-decay-033.pth

Confusion matrix:
[[105.66666667  37.33333333]
 [ 27.5          9.5       ]]

T Loss: 0.4906966209411621

T Loss(reg): 0.7730160355567932

V Loss: 0.7768781072563595

l1_neurons = 128
l2_neurons = 0
l3_neurons = 0
dp0 = 0
dp1 = 0.05
dp2 = 0
dp3 = 0
lr = 0.0007
wd = 1e-06
lambda1_dim1 = 0.0003
lambda2_dim1 = 0.05
lambda1_dim2 = 0.0008
lambda2_dim2 = 0.05
