2020-04-29 14:13:42.153360
Model name: diabnet/models/model-32-sp-soft-label-randomized_positives-1000-dropout0-05-bn-decay-flood-060.pth

Confusion matrix:
[[108.  31.]
 [ 28.  13.]]

T Loss: 0.5180016577243804

T Loss(reg): 0.8780828714370728

V Loss: 0.7328181068102518

l1_neurons = 32
l2_neurons = 0
l3_neurons = 0
dp0 = 0.5
dp1 = 0.0
dp2 = 0
dp3 = 0
lr = 0.0007
wd = 1e-06
lambda1_dim1 = 0.0003
lambda2_dim1 = 0.05
lambda1_dim2 = 0.0008
lambda2_dim2 = 0.05
