2020-09-15 15:50:40.104266
Model name: diabnet/models/model-6-soft-label-age-positives-1000-dropout0-bn-decay-flood-hyperopt-ax-batch256-adamw-lc1-20200915-002.pth

Accuracy: 0.9166666666666666

Balanced Accuracy: 0.9017857142857143

ECE: 0.05897102504968643

MCE: 0.3096010088920593

AUC-ROC: 0.9541071428571429

AVG-PREC: 0.85774256910398

Confusion matrix:
[[130  10]
 [  5  35]]

T Loss: 0.32009780406951904

T Loss(reg): 0.32143521308898926

V Loss: 0.39561381936073303

hidden_neurons = 6
dropout = 0.08658128211832698
lr = 0.002530315363231387
eps = 1.6516808099564973e-07
wd = 7.141119204788848e-05
lambda1_dim1 = 1.669665721023354e-06
lambda2_dim1 = 6.368583640194637e-07
lambda1_dim2 = 2.0342028053277926e-08
lambda2_dim2 = 2.0678941459740793e-11
flood_penalty = 0.18613187374510126
soft_label_alpha = 0.10348253777080188
sched-steps = 22
sched-gamma = 0.6213666892994011
beta1 = 0.9
beta2 = 0.999
batch_size = 256
