2020-04-28 17:43:12.800572
Model name: diabnet/models/model-32-sp-soft-label-random-1000-dropout0-05-bn-decay-flood-032.pth

Confusion matrix:
[[111.  31.]
 [ 31.   7.]]

T Loss: 0.5740113496780396

T Loss(reg): 0.8733156323432922

V Loss: 0.742226759592692

l1_neurons = 32
l2_neurons = 0
l3_neurons = 0
dp0 = 0.5
dp1 = 0.0
dp2 = 0
dp3 = 0
lr = 0.0007
wd = 1e-06
lambda1_dim1 = 0.0003
lambda2_dim1 = 0.05
lambda1_dim2 = 0.0008
lambda2_dim2 = 0.05
