2020-04-27 19:40:12.123780
Model name: diabnet/models/model-32-sp-soft-label-positives-1000-dropout0-05-bn-decay-flood-006.pth

Confusion matrix:
[[121.  16.]
 [ 10.  33.]]

T Loss: 0.4558464527130127

T Loss(reg): 0.8171581983566284

V Loss: 0.5368118087450663

l1_neurons = 32
l2_neurons = 0
l3_neurons = 0
dp0 = 0.5
dp1 = 0.0
dp2 = 0
dp3 = 0
lr = 0.0007
wd = 1e-06
lambda1_dim1 = 0.0003
lambda2_dim1 = 0.05
lambda1_dim2 = 0.0008
lambda2_dim2 = 0.05
