2020-03-06 20:26:09.651793
Model name: diabnet/models/model-sp-soft-label-positives-1000-decay-058.pth'

Confusion matrix:
[[121.36666667  12.63333333]
 [  9.33333333  36.66666667]]

T Loss: 0.45059314370155334

T Loss(reg): 0.7836989164352417

V Loss: 0.5221368998289109

l1_neurons = 256
l2_neurons = 0
l3_neurons = 0
dp0 = 0
dp1 = 0.5
dp2 = 0
dp3 = 0
lr = 0.0007
wd = 1e-06
lambda1_dim1 = 0.0003
lambda2_dim1 = 0.05
lambda1_dim2 = 0.0008
lambda2_dim2 = 0.05
