2020-04-07 09:06:03.557419
Model name: diabnet/models/model-sp-soft-label-negative-1000-nodropout-decay-010.pth

Confusion matrix:
[[94. 36.]
 [31. 19.]]

T Loss: 0.44065381288528443

T Loss(reg): 0.7637783169746399

V Loss: 0.8417810996373495

l1_neurons = 128
l2_neurons = 0
l3_neurons = 0
dp0 = 0
dp1 = 0.0
dp2 = 0
dp3 = 0
lr = 0.0007
wd = 1e-06
lambda1_dim1 = 0.0003
lambda2_dim1 = 0.05
lambda1_dim2 = 0.0008
lambda2_dim2 = 0.05
