2020-04-15 11:46:05.629331
Model name: diabnet/models/model-32-sp-soft-label-negatives-1000-dropout0-05-bn-decay-038.pth

Confusion matrix:
[[109.  29.]
 [ 35.   7.]]

T Loss: 0.5640053629875184

T Loss(reg): 0.8427384614944458

V Loss: 0.7496490677197775

l1_neurons = 32
l2_neurons = 0
l3_neurons = 0
dp0 = 0.5
dp1 = 0.0
dp2 = 0
dp3 = 0
lr = 0.0007
wd = 1e-06
lambda1_dim1 = 0.0003
lambda2_dim1 = 0.05
lambda1_dim2 = 0.0008
lambda2_dim2 = 0.05
