2020-04-13 11:35:16.421075
Model name: diabnet/models/model-sp-soft-label-positives-1000-dropout0-05-bn-decay-015.pth

Confusion matrix:
[[126.  12.]
 [ 11.  31.]]

T Loss: 0.4424018025398254

T Loss(reg): 0.8203159689903259

V Loss: 0.5472471515337626

l1_neurons = 128
l2_neurons = 0
l3_neurons = 0
dp0 = 0.5
dp1 = 0.0
dp2 = 0
dp3 = 0
lr = 0.0007
wd = 1e-06
lambda1_dim1 = 0.0003
lambda2_dim1 = 0.05
lambda1_dim2 = 0.0008
lambda2_dim2 = 0.05
