2020-03-31 16:57:15.738105
Model name: diabnet/models/model-sp-soft-label-negatives-1000-dropout005-decay-063.pth'

Confusion matrix:
[[112.96666667  25.03333333]
 [ 32.          10.        ]]

T Loss: 0.4710006296634674

T Loss(reg): 0.7546274542808533

V Loss: 0.7714347673787011

l1_neurons = 128
l2_neurons = 0
l3_neurons = 0
dp0 = 0
dp1 = 0.05
dp2 = 0
dp3 = 0
lr = 0.0007
wd = 1e-06
lambda1_dim1 = 0.0003
lambda2_dim1 = 0.05
lambda1_dim2 = 0.0008
lambda2_dim2 = 0.05
