2020-04-13 22:22:57.262612
Model name: diabnet/models/model-sp-soft-label-random-1000-dropout0-05-bn-decay-094.pth

Confusion matrix:
[[101.  31.]
 [ 40.   8.]]

T Loss: 0.4354257881641388

T Loss(reg): 0.7534081816673279

V Loss: 0.846183160940806

l1_neurons = 128
l2_neurons = 0
l3_neurons = 0
dp0 = 0.5
dp1 = 0.0
dp2 = 0
dp3 = 0
lr = 0.0007
wd = 1e-06
lambda1_dim1 = 0.0003
lambda2_dim1 = 0.05
lambda1_dim2 = 0.0008
lambda2_dim2 = 0.05
