2020-04-03 18:30:55.434251
Model name: diabnet/models/model-sp-soft-label-random-1000-dropout005-decay-066.pth

Confusion matrix:
[[106.7         37.3       ]
 [ 28.46666667   7.53333333]]

T Loss: 0.4877999246120453

T Loss(reg): 0.7936520218849182

V Loss: 0.7792846275700464

l1_neurons = 128
l2_neurons = 0
l3_neurons = 0
dp0 = 0
dp1 = 0.05
dp2 = 0
dp3 = 0
lr = 0.0007
wd = 1e-06
lambda1_dim1 = 0.0003
lambda2_dim1 = 0.05
lambda1_dim2 = 0.0008
lambda2_dim2 = 0.05
