2020-04-10 00:25:46.323761
Model name: diabnet/models/model-sp-soft-label-negatives-1000-nodropout-bn-decay-093.pth

Confusion matrix:
[[98. 40.]
 [33.  9.]]

T Loss: 0.34132465720176697

T Loss(reg): 0.6682018041610718

V Loss: 1.0068898797035217

l1_neurons = 128
l2_neurons = 0
l3_neurons = 0
dp0 = 0
dp1 = 0.0
dp2 = 0
dp3 = 0
lr = 0.0007
wd = 1e-06
lambda1_dim1 = 0.0003
lambda2_dim1 = 0.05
lambda1_dim2 = 0.0008
lambda2_dim2 = 0.05
