2020-03-06 21:37:33.171863
Model name: diabnet/models/model-sp-soft-label-positives-1000-decay-079.pth'

Confusion matrix:
[[125.6         15.4       ]
 [ 14.16666667  24.83333333]]

T Loss: 0.451571923494339

T Loss(reg): 0.7844029664993286

V Loss: 0.5834401958518558

l1_neurons = 256
l2_neurons = 0
l3_neurons = 0
dp0 = 0
dp1 = 0.5
dp2 = 0
dp3 = 0
lr = 0.0007
wd = 1e-06
lambda1_dim1 = 0.0003
lambda2_dim1 = 0.05
lambda1_dim2 = 0.0008
lambda2_dim2 = 0.05
