2020-03-06 19:38:38.800173
Model name: diabnet/models/model-sp-soft-label-positives-1000-decay-044.pth'

Confusion matrix:
[[118.9         18.1       ]
 [ 12.33333333  30.66666667]]

T Loss: 0.4477716088294983

T Loss(reg): 0.7885169267654419

V Loss: 0.5657054778602388

l1_neurons = 256
l2_neurons = 0
l3_neurons = 0
dp0 = 0
dp1 = 0.5
dp2 = 0
dp3 = 0
lr = 0.0007
wd = 1e-06
lambda1_dim1 = 0.0003
lambda2_dim1 = 0.05
lambda1_dim2 = 0.0008
lambda2_dim2 = 0.05
