2020-04-13 18:48:45.770509
Model name: diabnet/models/model-sp-soft-label-random-1000-dropout0-05-bn-decay-034.pth

Confusion matrix:
[[105.  37.]
 [ 27.  11.]]

T Loss: 0.4009850025177002

T Loss(reg): 0.7250288844108581

V Loss: 0.8972466389338175

l1_neurons = 128
l2_neurons = 0
l3_neurons = 0
dp0 = 0.5
dp1 = 0.0
dp2 = 0
dp3 = 0
lr = 0.0007
wd = 1e-06
lambda1_dim1 = 0.0003
lambda2_dim1 = 0.05
lambda1_dim2 = 0.0008
lambda2_dim2 = 0.05
