2020-03-06 19:18:16.880698
Model name: diabnet/models/model-sp-soft-label-positives-1000-decay-038.pth'

Confusion matrix:
[[121.56666667  10.43333333]
 [ 18.2         29.8       ]]

T Loss: 0.46790788769721986

T Loss(reg): 0.7913816571235657

V Loss: 0.5599681953589122

l1_neurons = 256
l2_neurons = 0
l3_neurons = 0
dp0 = 0
dp1 = 0.5
dp2 = 0
dp3 = 0
lr = 0.0007
wd = 1e-06
lambda1_dim1 = 0.0003
lambda2_dim1 = 0.05
lambda1_dim2 = 0.0008
lambda2_dim2 = 0.05
