2020-09-15 16:52:19.054708
Model name: diabnet/models/model-6-soft-label-age-random-1000-dropout0-bn-decay-flood-hyperopt-ax-batch256-adamw-lc1-20200915-060.pth

Accuracy: 0.7166666666666667

Balanced Accuracy: 0.4777777777777778

ECE: 0.09602408111095428

MCE: 0.5318860411643982

AUC-ROC: 0.597201646090535

AVG-PREC: 0.3082722641657696

Confusion matrix:
[[129   6]
 [ 45   0]]

T Loss: 0.4741816052368709

T Loss(reg): 0.475529602595738

V Loss: 0.6539547443389893

hidden_neurons = 6
dropout = 0.08658128211832698
lr = 0.002530315363231387
eps = 1.6516808099564973e-07
wd = 7.141119204788848e-05
lambda1_dim1 = 1.669665721023354e-06
lambda2_dim1 = 6.368583640194637e-07
lambda1_dim2 = 2.0342028053277926e-08
lambda2_dim2 = 2.0678941459740793e-11
flood_penalty = 0.18613187374510126
soft_label_alpha = 0.10348253777080188
sched-steps = 22
sched-gamma = 0.6213666892994011
beta1 = 0.9
beta2 = 0.999
batch_size = 256
