2020-03-06 17:26:45.243658
Model name: diabnet/models/model-sp-soft-label-positives-1000-decay-006.pth'

Confusion matrix:
[[120.96666667  19.03333333]
 [ 15.3         24.7       ]]

T Loss: 0.4487136483192444

T Loss(reg): 0.7842119336128235

V Loss: 0.5740797195169661

l1_neurons = 256
l2_neurons = 0
l3_neurons = 0
dp0 = 0
dp1 = 0.5
dp2 = 0
dp3 = 0
lr = 0.0007
wd = 1e-06
lambda1_dim1 = 0.0003
lambda2_dim1 = 0.05
lambda1_dim2 = 0.0008
lambda2_dim2 = 0.05
