2020-09-15 17:04:41.155890
Model name: diabnet/models/model-6-soft-label-age-random-1000-dropout0-bn-decay-flood-hyperopt-ax-batch256-adamw-lc1-20200915-092.pth

Accuracy: 0.7055555555555556

Balanced Accuracy: 0.4640899640899641

ECE: 0.15388067066669464

MCE: 0.7935233116149902

AUC-ROC: 0.49366849366849364

AVG-PREC: 0.19804445994022785

Confusion matrix:
[[125  18]
 [ 35   2]]

T Loss: 0.46314768280301777

T Loss(reg): 0.4644863137177059

V Loss: 0.7041236162185669

hidden_neurons = 6
dropout = 0.08658128211832698
lr = 0.002530315363231387
eps = 1.6516808099564973e-07
wd = 7.141119204788848e-05
lambda1_dim1 = 1.669665721023354e-06
lambda2_dim1 = 6.368583640194637e-07
lambda1_dim2 = 2.0342028053277926e-08
lambda2_dim2 = 2.0678941459740793e-11
flood_penalty = 0.18613187374510126
soft_label_alpha = 0.10348253777080188
sched-steps = 22
sched-gamma = 0.6213666892994011
beta1 = 0.9
beta2 = 0.999
batch_size = 256
