2020-04-06 14:06:05.093661
Model name: diabnet/models/model-sp-soft-label-random-1000-nodropout-decay-025.pth

Confusion matrix:
[[120.  33.]
 [ 24.   3.]]

T Loss: 0.46474902629852294

T Loss(reg): 0.7632611632347107

V Loss: 0.7597993612289429

l1_neurons = 128
l2_neurons = 0
l3_neurons = 0
dp0 = 0
dp1 = 0.0
dp2 = 0
dp3 = 0
lr = 0.0007
wd = 1e-06
lambda1_dim1 = 0.0003
lambda2_dim1 = 0.05
lambda1_dim2 = 0.0008
lambda2_dim2 = 0.05
