2020-03-24 17:51:32.308759
Model name: diabnet/models/model-sp-soft-label-positives-1000-dropout005-decay-074.pth'

Confusion matrix:
[[111.1         23.9       ]
 [ 12.53333333  32.46666667]]

T Loss: 0.44801404476165774

T Loss(reg): 0.8090489268302917

V Loss: 0.5651215579774644

l1_neurons = 128
l2_neurons = 0
l3_neurons = 0
dp0 = 0
dp1 = 0.05
dp2 = 0
dp3 = 0
lr = 0.0007
wd = 1e-06
lambda1_dim1 = 0.0003
lambda2_dim1 = 0.05
lambda1_dim2 = 0.0008
lambda2_dim2 = 0.05
