2020-03-24 16:28:00.280111
Model name: diabnet/models/model-sp-soft-label-positives-1000-dropout005-decay-049.pth'

Confusion matrix:
[[127.73333333  16.26666667]
 [ 10.23333333  25.76666667]]

T Loss: 0.44296354055404663

T Loss(reg): 0.8208006620407104

V Loss: 0.5505129867129855

l1_neurons = 128
l2_neurons = 0
l3_neurons = 0
dp0 = 0
dp1 = 0.05
dp2 = 0
dp3 = 0
lr = 0.0007
wd = 1e-06
lambda1_dim1 = 0.0003
lambda2_dim1 = 0.05
lambda1_dim2 = 0.0008
lambda2_dim2 = 0.05
