2020-04-15 09:54:43.587580
Model name: diabnet/models/model-32-sp-soft-label-negatives-1000-dropout0-05-bn-decay-006.pth

Confusion matrix:
[[110.  29.]
 [ 37.   4.]]

T Loss: 0.5902989983558655

T Loss(reg): 0.8649250864982605

V Loss: 0.7237905263900757

l1_neurons = 32
l2_neurons = 0
l3_neurons = 0
dp0 = 0.5
dp1 = 0.0
dp2 = 0
dp3 = 0
lr = 0.0007
wd = 1e-06
lambda1_dim1 = 0.0003
lambda2_dim1 = 0.05
lambda1_dim2 = 0.0008
lambda2_dim2 = 0.05
