2020-09-15 17:42:22.900568
Model name: diabnet/models/model-6-soft-label-age-negatives-1000-dropout0-bn-decay-flood-hyperopt-ax-batch256-adamw-lc1-20200915-089.pth

Accuracy: 0.6944444444444444

Balanced Accuracy: 0.4668362870679067

ECE: 0.09651714563369751

MCE: 0.8074634075164795

AUC-ROC: 0.5748376908229514

AVG-PREC: 0.26390388880214133

Confusion matrix:
[[123  16]
 [ 39   2]]

T Loss: 0.471515417098999

T Loss(reg): 0.4728583948952811

V Loss: 0.654620885848999

hidden_neurons = 6
dropout = 0.08658128211832698
lr = 0.002530315363231387
eps = 1.6516808099564973e-07
wd = 7.141119204788848e-05
lambda1_dim1 = 1.669665721023354e-06
lambda2_dim1 = 6.368583640194637e-07
lambda1_dim2 = 2.0342028053277926e-08
lambda2_dim2 = 2.0678941459740793e-11
flood_penalty = 0.18613187374510126
soft_label_alpha = 0.10348253777080188
sched-steps = 22
sched-gamma = 0.6213666892994011
beta1 = 0.9
beta2 = 0.999
batch_size = 256
