2020-04-30 13:57:53.550014
Model name: diabnet/models/model-32-sp-soft-label-randomized_1_positives-1000-dropout0-05-bn-decay-flood-043.pth

Confusion matrix:
[[112.  28.]
 [ 26.  14.]]

T Loss: 0.5018727898597717

T Loss(reg): 0.8487215638160706

V Loss: 0.7257399757703146

l1_neurons = 32
l2_neurons = 0
l3_neurons = 0
dp0 = 0.5
dp1 = 0.0
dp2 = 0
dp3 = 0
lr = 0.0007
wd = 1e-06
lambda1_dim1 = 0.0003
lambda2_dim1 = 0.05
lambda1_dim2 = 0.0008
lambda2_dim2 = 0.05
