2020-03-16 17:32:21.266594
Model name: diabnet/models/model-sp-soft-label-positives-1000-nodropout-decay-041.pth'

Confusion matrix:
[[130.  14.]
 [  8.  28.]]

T Loss: 0.44522721171379087

T Loss(reg): 0.8351336121559143

V Loss: 0.5133081277211508

l1_neurons = 128
l2_neurons = 0
l3_neurons = 0
dp0 = 0
dp1 = 0.0
dp2 = 0
dp3 = 0
lr = 0.0007
wd = 1e-06
lambda1_dim1 = 0.0003
lambda2_dim1 = 0.05
lambda1_dim2 = 0.0008
lambda2_dim2 = 0.05
