2020-04-09 20:21:54.192945
Model name: diabnet/models/model-sp-soft-label-negatives-1000-nodropout-bn-decay-023.pth

Confusion matrix:
[[90. 45.]
 [33. 12.]]

T Loss: 0.34645227193832395

T Loss(reg): 0.7011358499526977

V Loss: 1.0093814134597778

l1_neurons = 128
l2_neurons = 0
l3_neurons = 0
dp0 = 0
dp1 = 0.0
dp2 = 0
dp3 = 0
lr = 0.0007
wd = 1e-06
lambda1_dim1 = 0.0003
lambda2_dim1 = 0.05
lambda1_dim2 = 0.0008
lambda2_dim2 = 0.05
