2020-04-15 19:34:19.996275
Model name: diabnet/models/model-32-sp-soft-label-positives-1000-dropout0-05-bn-decay-068.pth

Confusion matrix:
[[116.  22.]
 [  9.  33.]]

T Loss: 0.44509178400039673

T Loss(reg): 0.7940707087516785

V Loss: 0.5447843670845032

l1_neurons = 32
l2_neurons = 0
l3_neurons = 0
dp0 = 0.5
dp1 = 0.0
dp2 = 0
dp3 = 0
lr = 0.0007
wd = 1e-06
lambda1_dim1 = 0.0003
lambda2_dim1 = 0.05
lambda1_dim2 = 0.0008
lambda2_dim2 = 0.05
