2020-04-07 13:04:52.188986
Model name: diabnet/models/model-sp-soft-label-negative-1000-nodropout-decay-045.pth

Confusion matrix:
[[111.  22.]
 [ 35.  12.]]

T Loss: 0.4468088150024414

T Loss(reg): 0.7853726983070374

V Loss: 0.7955814798672994

l1_neurons = 128
l2_neurons = 0
l3_neurons = 0
dp0 = 0
dp1 = 0.0
dp2 = 0
dp3 = 0
lr = 0.0007
wd = 1e-06
lambda1_dim1 = 0.0003
lambda2_dim1 = 0.05
lambda1_dim2 = 0.0008
lambda2_dim2 = 0.05
