2020-09-15 18:05:53.321550
Model name: diabnet/models/model-6-soft-label-age-randomized_positives-1000-dropout0-bn-decay-flood-hyperopt-ax-batch256-adamw-lc1-20200915-049.pth

Accuracy: 0.7777777777777778

Balanced Accuracy: 0.6570148776195809

ECE: 0.12721037864685059

MCE: 0.5905345678329468

AUC-ROC: 0.7269236922092466

AVG-PREC: 0.44603163965090586

Confusion matrix:
[[121  12]
 [ 28  19]]

T Loss: 0.33557392018181936

T Loss(reg): 0.3369481350694384

V Loss: 0.6392174959182739

hidden_neurons = 6
dropout = 0.08658128211832698
lr = 0.002530315363231387
eps = 1.6516808099564973e-07
wd = 7.141119204788848e-05
lambda1_dim1 = 1.669665721023354e-06
lambda2_dim1 = 6.368583640194637e-07
lambda1_dim2 = 2.0342028053277926e-08
lambda2_dim2 = 2.0678941459740793e-11
flood_penalty = 0.18613187374510126
soft_label_alpha = 0.10348253777080188
sched-steps = 22
sched-gamma = 0.6213666892994011
beta1 = 0.9
beta2 = 0.999
batch_size = 256
