2020-04-09 16:57:45.975035
Model name: diabnet/models/model-sp-soft-label-positives-1000-nodropout-bn-decay-089.pth

Confusion matrix:
[[122.  19.]
 [  6.  33.]]

T Loss: 0.44063760638237

T Loss(reg): 0.842224371433258

V Loss: 0.5294478535652161

l1_neurons = 128
l2_neurons = 0
l3_neurons = 0
dp0 = 0
dp1 = 0.0
dp2 = 0
dp3 = 0
lr = 0.0007
wd = 1e-06
lambda1_dim1 = 0.0003
lambda2_dim1 = 0.05
lambda1_dim2 = 0.0008
lambda2_dim2 = 0.05
