2020-03-16 15:26:29.442171
Model name: diabnet/models/model-sp-soft-label-positives-1000-nodropout-decay-005.pth'

Confusion matrix:
[[129.  12.]
 [  9.  30.]]

T Loss: 0.4450453817844391

T Loss(reg): 0.8396490812301636

V Loss: 0.549935519695282

l1_neurons = 128
l2_neurons = 0
l3_neurons = 0
dp0 = 0
dp1 = 0.0
dp2 = 0
dp3 = 0
lr = 0.0007
wd = 1e-06
lambda1_dim1 = 0.0003
lambda2_dim1 = 0.05
lambda1_dim2 = 0.0008
lambda2_dim2 = 0.05
