2020-04-09 15:32:41.818337
Model name: diabnet/models/model-sp-soft-label-positives-1000-nodropout-bn-decay-064.pth

Confusion matrix:
[[121.  16.]
 [ 12.  31.]]

T Loss: 0.44379410743713377

T Loss(reg): 0.8560335040092468

V Loss: 0.5261531670888265

l1_neurons = 128
l2_neurons = 0
l3_neurons = 0
dp0 = 0
dp1 = 0.0
dp2 = 0
dp3 = 0
lr = 0.0007
wd = 1e-06
lambda1_dim1 = 0.0003
lambda2_dim1 = 0.05
lambda1_dim2 = 0.0008
lambda2_dim2 = 0.05
