2020-03-31 14:27:19.391372
Model name: diabnet/models/model-sp-soft-label-negatives-1000-dropout005-decay-036.pth'

Confusion matrix:
[[109.3  36.7]
 [ 26.    8. ]]

T Loss: 0.4986720263957977

T Loss(reg): 0.8014080882072449

V Loss: 0.7688170552253724

l1_neurons = 128
l2_neurons = 0
l3_neurons = 0
dp0 = 0
dp1 = 0.05
dp2 = 0
dp3 = 0
lr = 0.0007
wd = 1e-06
lambda1_dim1 = 0.0003
lambda2_dim1 = 0.05
lambda1_dim2 = 0.0008
lambda2_dim2 = 0.05
