2020-03-06 19:45:27.006324
Model name: diabnet/models/model-sp-soft-label-positives-1000-decay-046.pth'

Confusion matrix:
[[124.7  18.3]
 [ 10.7  26.3]]

T Loss: 0.44516889452934266

T Loss(reg): 0.7876218795776367

V Loss: 0.5636157698101467

l1_neurons = 256
l2_neurons = 0
l3_neurons = 0
dp0 = 0
dp1 = 0.5
dp2 = 0
dp3 = 0
lr = 0.0007
wd = 1e-06
lambda1_dim1 = 0.0003
lambda2_dim1 = 0.05
lambda1_dim2 = 0.0008
lambda2_dim2 = 0.05
