2020-04-06 11:46:58.955020
Model name: diabnet/models/model-sp-soft-label-random-1000-nodropout-decay-005.pth

Confusion matrix:
[[100.  28.]
 [ 42.  10.]]

T Loss: 0.44065956473350526

T Loss(reg): 0.7617196559906005

V Loss: 0.8418365319569906

l1_neurons = 128
l2_neurons = 0
l3_neurons = 0
dp0 = 0
dp1 = 0.0
dp2 = 0
dp3 = 0
lr = 0.0007
wd = 1e-06
lambda1_dim1 = 0.0003
lambda2_dim1 = 0.05
lambda1_dim2 = 0.0008
lambda2_dim2 = 0.05
