2020-04-30 14:12:26.838826
Model name: diabnet/models/model-32-sp-soft-label-randomized_1_positives-1000-dropout0-05-bn-decay-flood-047.pth

Confusion matrix:
[[114.  19.]
 [ 27.  20.]]

T Loss: 0.5254967451095581

T Loss(reg): 0.8752016663551331

V Loss: 0.6624043782552084

l1_neurons = 32
l2_neurons = 0
l3_neurons = 0
dp0 = 0.5
dp1 = 0.0
dp2 = 0
dp3 = 0
lr = 0.0007
wd = 1e-06
lambda1_dim1 = 0.0003
lambda2_dim1 = 0.05
lambda1_dim2 = 0.0008
lambda2_dim2 = 0.05
