2020-04-07 16:47:25.696666
Model name: diabnet/models/model-sp-soft-label-negative-1000-nodropout-decay-075.pth

Confusion matrix:
[[110.  34.]
 [ 24.  12.]]

T Loss: 0.45631197690963743

T Loss(reg): 0.7772015690803528

V Loss: 0.7623849312464396

l1_neurons = 128
l2_neurons = 0
l3_neurons = 0
dp0 = 0
dp1 = 0.0
dp2 = 0
dp3 = 0
lr = 0.0007
wd = 1e-06
lambda1_dim1 = 0.0003
lambda2_dim1 = 0.05
lambda1_dim2 = 0.0008
lambda2_dim2 = 0.05
