2020-04-07 08:29:05.929572
Model name: diabnet/models/model-sp-soft-label-negative-1000-nodropout-decay-002.pth

Confusion matrix:
[[108.  40.]
 [ 25.   7.]]

T Loss: 0.46469018459320066

T Loss(reg): 0.7959365010261535

V Loss: 0.776114801565806

l1_neurons = 128
l2_neurons = 0
l3_neurons = 0
dp0 = 0
dp1 = 0.0
dp2 = 0
dp3 = 0
lr = 0.0007
wd = 1e-06
lambda1_dim1 = 0.0003
lambda2_dim1 = 0.05
lambda1_dim2 = 0.0008
lambda2_dim2 = 0.05
