2020-03-06 21:17:09.703613
Model name: diabnet/models/model-sp-soft-label-positives-1000-decay-073.pth'

Confusion matrix:
[[110.03333333  20.96666667]
 [ 14.83333333  34.16666667]]

T Loss: 0.4575372576713562

T Loss(reg): 0.7833520650863648

V Loss: 0.5592755175299114

l1_neurons = 256
l2_neurons = 0
l3_neurons = 0
dp0 = 0
dp1 = 0.5
dp2 = 0
dp3 = 0
lr = 0.0007
wd = 1e-06
lambda1_dim1 = 0.0003
lambda2_dim1 = 0.05
lambda1_dim2 = 0.0008
lambda2_dim2 = 0.05
