2020-04-07 19:38:07.569349
Model name: diabnet/models/model-sp-soft-label-negative-1000-nodropout-decay-098.pth

Confusion matrix:
[[98. 34.]
 [32. 16.]]

T Loss: 0.502077853679657

T Loss(reg): 0.8109858989715576

V Loss: 0.81464151541392

l1_neurons = 128
l2_neurons = 0
l3_neurons = 0
dp0 = 0
dp1 = 0.0
dp2 = 0
dp3 = 0
lr = 0.0007
wd = 1e-06
lambda1_dim1 = 0.0003
lambda2_dim1 = 0.05
lambda1_dim2 = 0.0008
lambda2_dim2 = 0.05
