2020-04-14 14:43:38.515970
Model name: diabnet/models/model-sp-soft-label-negatives-1000-dropout0-05-bn-decay-071.pth

Confusion matrix:
[[78. 50.]
 [38. 14.]]

T Loss: 0.40050307512283323

T Loss(reg): 0.7219546794891357

V Loss: 0.9823317527770996

l1_neurons = 128
l2_neurons = 0
l3_neurons = 0
dp0 = 0.5
dp1 = 0.0
dp2 = 0
dp3 = 0
lr = 0.0007
wd = 1e-06
lambda1_dim1 = 0.0003
lambda2_dim1 = 0.05
lambda1_dim2 = 0.0008
lambda2_dim2 = 0.05
