2020-03-06 20:53:22.080786
Model name: diabnet/models/model-sp-soft-label-positives-1000-decay-066.pth'

Confusion matrix:
[[120.53333333  10.46666667]
 [ 16.33333333  32.66666667]]

T Loss: 0.4520731925964355

T Loss(reg): 0.7792810559272766

V Loss: 0.5511049144797855

l1_neurons = 256
l2_neurons = 0
l3_neurons = 0
dp0 = 0
dp1 = 0.5
dp2 = 0
dp3 = 0
lr = 0.0007
wd = 1e-06
lambda1_dim1 = 0.0003
lambda2_dim1 = 0.05
lambda1_dim2 = 0.0008
lambda2_dim2 = 0.05
