2020-04-03 18:06:57.102110
Model name: diabnet/models/model-sp-soft-label-random-1000-dropout005-decay-059.pth

Confusion matrix:
[[101.4         22.6       ]
 [ 46.56666667   9.43333333]]

T Loss: 0.5150958776474

T Loss(reg): 0.7900525569915772

V Loss: 0.8079464342859056

l1_neurons = 128
l2_neurons = 0
l3_neurons = 0
dp0 = 0
dp1 = 0.05
dp2 = 0
dp3 = 0
lr = 0.0007
wd = 1e-06
lambda1_dim1 = 0.0003
lambda2_dim1 = 0.05
lambda1_dim2 = 0.0008
lambda2_dim2 = 0.05
