2020-04-13 15:33:58.833223
Model name: diabnet/models/model-sp-soft-label-positives-1000-dropout0-05-bn-decay-084.pth

Confusion matrix:
[[118.  20.]
 [  8.  34.]]

T Loss: 0.444277822971344

T Loss(reg): 0.8376026391983032

V Loss: 0.540337880452474

l1_neurons = 128
l2_neurons = 0
l3_neurons = 0
dp0 = 0.5
dp1 = 0.0
dp2 = 0
dp3 = 0
lr = 0.0007
wd = 1e-06
lambda1_dim1 = 0.0003
lambda2_dim1 = 0.05
lambda1_dim2 = 0.0008
lambda2_dim2 = 0.05
