2020-09-15 17:10:31.887285
Model name: diabnet/models/model-6-soft-label-age-negatives-1000-dropout0-bn-decay-flood-hyperopt-ax-batch256-adamw-lc1-20200915-007.pth

Accuracy: 0.7

Balanced Accuracy: 0.5207561156412157

ECE: 0.1480211317539215

MCE: 0.813079297542572

AUC-ROC: 0.5415122312824314

AVG-PREC: 0.23661595667779403

Confusion matrix:
[[118  24]
 [ 30   8]]

T Loss: 0.4618323530469622

T Loss(reg): 0.46314416187150137

V Loss: 0.6635327935218811

hidden_neurons = 6
dropout = 0.08658128211832698
lr = 0.002530315363231387
eps = 1.6516808099564973e-07
wd = 7.141119204788848e-05
lambda1_dim1 = 1.669665721023354e-06
lambda2_dim1 = 6.368583640194637e-07
lambda1_dim2 = 2.0342028053277926e-08
lambda2_dim2 = 2.0678941459740793e-11
flood_penalty = 0.18613187374510126
soft_label_alpha = 0.10348253777080188
sched-steps = 22
sched-gamma = 0.6213666892994011
beta1 = 0.9
beta2 = 0.999
batch_size = 256
