2020-03-24 19:02:28.287108
Model name: diabnet/models/model-sp-soft-label-positives-1000-dropout005-decay-095.pth'

Confusion matrix:
[[118.36666667  16.63333333]
 [ 16.6         28.4       ]]

T Loss: 0.4515212118625641

T Loss(reg): 0.8180578827857972

V Loss: 0.5599521845579147

l1_neurons = 128
l2_neurons = 0
l3_neurons = 0
dp0 = 0
dp1 = 0.05
dp2 = 0
dp3 = 0
lr = 0.0007
wd = 1e-06
lambda1_dim1 = 0.0003
lambda2_dim1 = 0.05
lambda1_dim2 = 0.0008
lambda2_dim2 = 0.05
