2020-03-24 13:55:15.795410
Model name: diabnet/models/model-sp-soft-label-positives-1000-dropout005-decay-003.pth'

Confusion matrix:
[[110.5         25.5       ]
 [  8.86666667  35.13333333]]

T Loss: 0.4573991298675537

T Loss(reg): 0.8265175342559814

V Loss: 0.5481246242920558

l1_neurons = 128
l2_neurons = 0
l3_neurons = 0
dp0 = 0
dp1 = 0.05
dp2 = 0
dp3 = 0
lr = 0.0007
wd = 1e-06
lambda1_dim1 = 0.0003
lambda2_dim1 = 0.05
lambda1_dim2 = 0.0008
lambda2_dim2 = 0.05
