2020-04-03 17:53:17.083984
Model name: diabnet/models/model-sp-soft-label-random-1000-dropout005-decay-055.pth

Confusion matrix:
[[104.06666667  32.93333333]
 [ 33.26666667   9.73333333]]

T Loss: 0.5213710069656372

T Loss(reg): 0.7954967856407166

V Loss: 0.8048609508408441

l1_neurons = 128
l2_neurons = 0
l3_neurons = 0
dp0 = 0
dp1 = 0.05
dp2 = 0
dp3 = 0
lr = 0.0007
wd = 1e-06
lambda1_dim1 = 0.0003
lambda2_dim1 = 0.05
lambda1_dim2 = 0.0008
lambda2_dim2 = 0.05
