2020-03-06 22:28:32.807749
Model name: diabnet/models/model-sp-soft-label-positives-1000-decay-094.pth'

Confusion matrix:
[[119.4         17.6       ]
 [ 11.53333333  31.46666667]]

T Loss: 0.45541549324989317

T Loss(reg): 0.7819588899612426

V Loss: 0.5515172564321094

l1_neurons = 256
l2_neurons = 0
l3_neurons = 0
dp0 = 0
dp1 = 0.5
dp2 = 0
dp3 = 0
lr = 0.0007
wd = 1e-06
lambda1_dim1 = 0.0003
lambda2_dim1 = 0.05
lambda1_dim2 = 0.0008
lambda2_dim2 = 0.05
