2020-03-24 16:34:39.185208
Model name: diabnet/models/model-sp-soft-label-positives-1000-dropout005-decay-051.pth'

Confusion matrix:
[[116.4         10.6       ]
 [ 15.03333333  37.96666667]]

T Loss: 0.4591789722442627

T Loss(reg): 0.8244881868362427

V Loss: 0.5154066880544027

l1_neurons = 128
l2_neurons = 0
l3_neurons = 0
dp0 = 0
dp1 = 0.05
dp2 = 0
dp3 = 0
lr = 0.0007
wd = 1e-06
lambda1_dim1 = 0.0003
lambda2_dim1 = 0.05
lambda1_dim2 = 0.0008
lambda2_dim2 = 0.05
