2020-04-15 15:38:34.492912
Model name: diabnet/models/model-32-sp-soft-label-positives-1000-dropout0-05-bn-decay-000.pth

Confusion matrix:
[[135.   7.]
 [ 12.  26.]]

T Loss: 0.4694970905780792

T Loss(reg): 0.8204352855682373

V Loss: 0.5001814762751261

l1_neurons = 32
l2_neurons = 0
l3_neurons = 0
dp0 = 0.5
dp1 = 0.0
dp2 = 0
dp3 = 0
lr = 0.0007
wd = 1e-06
lambda1_dim1 = 0.0003
lambda2_dim1 = 0.05
lambda1_dim2 = 0.0008
lambda2_dim2 = 0.05
