2020-04-15 13:16:29.328263
Model name: diabnet/models/model-32-sp-soft-label-negatives-1000-dropout0-05-bn-decay-064.pth

Confusion matrix:
[[117.  21.]
 [ 37.   5.]]

T Loss: 0.6041210889816284

T Loss(reg): 0.8772114753723145

V Loss: 0.7357840339342753

l1_neurons = 32
l2_neurons = 0
l3_neurons = 0
dp0 = 0.5
dp1 = 0.0
dp2 = 0
dp3 = 0
lr = 0.0007
wd = 1e-06
lambda1_dim1 = 0.0003
lambda2_dim1 = 0.05
lambda1_dim2 = 0.0008
lambda2_dim2 = 0.05
