2020-04-03 19:01:45.565034
Model name: diabnet/models/model-sp-soft-label-random-1000-dropout005-decay-075.pth

Confusion matrix:
[[106.7         28.3       ]
 [ 39.96666667   5.03333333]]

T Loss: 0.49904354810714724

T Loss(reg): 0.7993435502052307

V Loss: 0.7944301459524367

l1_neurons = 128
l2_neurons = 0
l3_neurons = 0
dp0 = 0
dp1 = 0.05
dp2 = 0
dp3 = 0
lr = 0.0007
wd = 1e-06
lambda1_dim1 = 0.0003
lambda2_dim1 = 0.05
lambda1_dim2 = 0.0008
lambda2_dim2 = 0.05
