2020-03-31 13:43:44.558832
Model name: diabnet/models/model-sp-soft-label-negatives-1000-dropout005-decay-023.pth'

Confusion matrix:
[[105.43333333  35.56666667]
 [ 31.23333333   7.76666667]]

T Loss: 0.5093543827533722

T Loss(reg): 0.8096180200576782

V Loss: 0.8102002845870124

l1_neurons = 128
l2_neurons = 0
l3_neurons = 0
dp0 = 0
dp1 = 0.05
dp2 = 0
dp3 = 0
lr = 0.0007
wd = 1e-06
lambda1_dim1 = 0.0003
lambda2_dim1 = 0.05
lambda1_dim2 = 0.0008
lambda2_dim2 = 0.05
