2020-04-09 22:23:53.048734
Model name: diabnet/models/model-sp-soft-label-negatives-1000-nodropout-bn-decay-058.pth

Confusion matrix:
[[95. 48.]
 [28.  9.]]

T Loss: 0.36156558990478516

T Loss(reg): 0.6900181651115418

V Loss: 0.9581820567448934

l1_neurons = 128
l2_neurons = 0
l3_neurons = 0
dp0 = 0
dp1 = 0.0
dp2 = 0
dp3 = 0
lr = 0.0007
wd = 1e-06
lambda1_dim1 = 0.0003
lambda2_dim1 = 0.05
lambda1_dim2 = 0.0008
lambda2_dim2 = 0.05
