2020-05-07 15:58:58.293777
Model name: diabnet/models/model-3-sp-soft-label-positives-1000-dropout0-bn-decay-flood-hyperopt-031.pth

Confusion matrix:
[[4.5 0.5]
 [0.2 0.8]]

T Loss: 0.5295914292335511

T Loss(reg): 0.5559104740619659

V Loss: 0.531957765420278

l1_neurons = 3
l2_neurons = 0
l3_neurons = 0
dp0 = 0.2
dp1 = 0.0
dp2 = 0
dp3 = 0
lr = 0.00074
wd = 1e-06
lambda1_dim1 = 5.2e-05
lambda2_dim1 = 0.01
lambda1_dim2 = 2.6e-05
lambda2_dim2 = 0.022
flood_penalty = 0.006
