2020-04-03 16:45:19.261801
Model name: diabnet/models/model-sp-soft-label-random-1000-dropout005-decay-035.pth

Confusion matrix:
[[108.46666667  27.53333333]
 [ 38.5          5.5       ]]

T Loss: 0.5126767635345459

T Loss(reg): 0.7960158944129944

V Loss: 0.7843827022446527

l1_neurons = 128
l2_neurons = 0
l3_neurons = 0
dp0 = 0
dp1 = 0.05
dp2 = 0
dp3 = 0
lr = 0.0007
wd = 1e-06
lambda1_dim1 = 0.0003
lambda2_dim1 = 0.05
lambda1_dim2 = 0.0008
lambda2_dim2 = 0.05
