2020-03-06 22:18:19.593662
Model name: diabnet/models/model-sp-soft-label-positives-1000-decay-091.pth'

Confusion matrix:
[[130.03333333  15.96666667]
 [ 10.06666667  23.93333333]]

T Loss: 0.44481242299079893

T Loss(reg): 0.7847573757171631

V Loss: 0.5481247776084476

l1_neurons = 256
l2_neurons = 0
l3_neurons = 0
dp0 = 0
dp1 = 0.5
dp2 = 0
dp3 = 0
lr = 0.0007
wd = 1e-06
lambda1_dim1 = 0.0003
lambda2_dim1 = 0.05
lambda1_dim2 = 0.0008
lambda2_dim2 = 0.05
