2020-09-15 17:53:45.000503
Model name: diabnet/models/model-6-soft-label-age-randomized_positives-1000-dropout0-bn-decay-flood-hyperopt-ax-batch256-adamw-lc1-20200915-018.pth

Accuracy: 0.7111111111111111

Balanced Accuracy: 0.5474598930481284

ECE: 0.15004873275756836

MCE: 0.9223597049713135

AUC-ROC: 0.6562500000000001

AVG-PREC: 0.34233778189594044

Confusion matrix:
[[118  18]
 [ 34  10]]

T Loss: 0.3530674874782562

T Loss(reg): 0.3544125556945801

V Loss: 0.7409217357635498

hidden_neurons = 6
dropout = 0.08658128211832698
lr = 0.002530315363231387
eps = 1.6516808099564973e-07
wd = 7.141119204788848e-05
lambda1_dim1 = 1.669665721023354e-06
lambda2_dim1 = 6.368583640194637e-07
lambda1_dim2 = 2.0342028053277926e-08
lambda2_dim2 = 2.0678941459740793e-11
flood_penalty = 0.18613187374510126
soft_label_alpha = 0.10348253777080188
sched-steps = 22
sched-gamma = 0.6213666892994011
beta1 = 0.9
beta2 = 0.999
batch_size = 256
