2020-03-06 18:16:59.239734
Model name: diabnet/models/model-sp-soft-label-positives-1000-decay-020.pth'

Confusion matrix:
[[117.7         30.3       ]
 [  5.73333333  26.26666667]]

T Loss: 0.4404833972454071

T Loss(reg): 0.7869836568832398

V Loss: 0.609509731663598

l1_neurons = 256
l2_neurons = 0
l3_neurons = 0
dp0 = 0
dp1 = 0.5
dp2 = 0
dp3 = 0
lr = 0.0007
wd = 1e-06
lambda1_dim1 = 0.0003
lambda2_dim1 = 0.05
lambda1_dim2 = 0.0008
lambda2_dim2 = 0.05
