2020-04-15 19:20:19.350769
Model name: diabnet/models/model-32-sp-soft-label-positives-1000-dropout0-05-bn-decay-064.pth

Confusion matrix:
[[127.  16.]
 [  6.  31.]]

T Loss: 0.47877427339553835

T Loss(reg): 0.8225732445716858

V Loss: 0.5036317408084869

l1_neurons = 32
l2_neurons = 0
l3_neurons = 0
dp0 = 0.5
dp1 = 0.0
dp2 = 0
dp3 = 0
lr = 0.0007
wd = 1e-06
lambda1_dim1 = 0.0003
lambda2_dim1 = 0.05
lambda1_dim2 = 0.0008
lambda2_dim2 = 0.05
