2020-04-13 17:55:22.337497
Model name: diabnet/models/model-sp-soft-label-random-1000-dropout0-05-bn-decay-019.pth

Confusion matrix:
[[105.  32.]
 [ 30.  13.]]

T Loss: 0.4149633586406708

T Loss(reg): 0.7295323848724365

V Loss: 0.8333211342493693

l1_neurons = 128
l2_neurons = 0
l3_neurons = 0
dp0 = 0.5
dp1 = 0.0
dp2 = 0
dp3 = 0
lr = 0.0007
wd = 1e-06
lambda1_dim1 = 0.0003
lambda2_dim1 = 0.05
lambda1_dim2 = 0.0008
lambda2_dim2 = 0.05
