2020-04-03 15:41:14.970214
Model name: diabnet/models/model-sp-soft-label-random-1000-dropout005-decay-016.pth

Confusion matrix:
[[101.73333333  27.26666667]
 [ 32.9         18.1       ]]

T Loss: 0.49248830080032346

T Loss(reg): 0.7879217982292175

V Loss: 0.758276147974862

l1_neurons = 128
l2_neurons = 0
l3_neurons = 0
dp0 = 0
dp1 = 0.05
dp2 = 0
dp3 = 0
lr = 0.0007
wd = 1e-06
lambda1_dim1 = 0.0003
lambda2_dim1 = 0.05
lambda1_dim2 = 0.0008
lambda2_dim2 = 0.05
