2020-03-31 14:03:50.815500
Model name: diabnet/models/model-sp-soft-label-negatives-1000-dropout005-decay-029.pth'

Confusion matrix:
[[120.93333333  18.06666667]
 [ 36.3          4.7       ]]

T Loss: 0.4920470952987671

T Loss(reg): 0.7971926927566528

V Loss: 0.7890947235955132

l1_neurons = 128
l2_neurons = 0
l3_neurons = 0
dp0 = 0
dp1 = 0.05
dp2 = 0
dp3 = 0
lr = 0.0007
wd = 1e-06
lambda1_dim1 = 0.0003
lambda2_dim1 = 0.05
lambda1_dim2 = 0.0008
lambda2_dim2 = 0.05
