2020-04-15 12:17:24.505083
Model name: diabnet/models/model-32-sp-soft-label-negatives-1000-dropout0-05-bn-decay-047.pth

Confusion matrix:
[[119.  21.]
 [ 36.   4.]]

T Loss: 0.5857560515403748

T Loss(reg): 0.8655561208724976

V Loss: 0.7250970005989075

l1_neurons = 32
l2_neurons = 0
l3_neurons = 0
dp0 = 0.5
dp1 = 0.0
dp2 = 0
dp3 = 0
lr = 0.0007
wd = 1e-06
lambda1_dim1 = 0.0003
lambda2_dim1 = 0.05
lambda1_dim2 = 0.0008
lambda2_dim2 = 0.05
