2020-04-06 19:35:04.942455
Model name: diabnet/models/model-sp-soft-label-random-1000-nodropout-decay-072.pth

Confusion matrix:
[[109.  33.]
 [ 33.   5.]]

T Loss: 0.49812552332878113

T Loss(reg): 0.8078615546226502

V Loss: 0.8033389449119568

l1_neurons = 128
l2_neurons = 0
l3_neurons = 0
dp0 = 0
dp1 = 0.0
dp2 = 0
dp3 = 0
lr = 0.0007
wd = 1e-06
lambda1_dim1 = 0.0003
lambda2_dim1 = 0.05
lambda1_dim2 = 0.0008
lambda2_dim2 = 0.05
