2020-03-06 18:27:25.695725
Model name: diabnet/models/model-sp-soft-label-positives-1000-decay-023.pth'

Confusion matrix:
[[123.83333333  12.16666667]
 [ 19.          25.        ]]

T Loss: 0.4452759146690369

T Loss(reg): 0.7790708303451538

V Loss: 0.5612199819750257

l1_neurons = 256
l2_neurons = 0
l3_neurons = 0
dp0 = 0
dp1 = 0.5
dp2 = 0
dp3 = 0
lr = 0.0007
wd = 1e-06
lambda1_dim1 = 0.0003
lambda2_dim1 = 0.05
lambda1_dim2 = 0.0008
lambda2_dim2 = 0.05
