2020-09-15 16:13:36.210130
Model name: diabnet/models/model-6-soft-label-age-positives-1000-dropout0-bn-decay-flood-hyperopt-ax-batch256-adamw-lc1-20200915-061.pth

Accuracy: 0.8833333333333333

Balanced Accuracy: 0.7931537962362103

ECE: 0.062379106879234314

MCE: 0.3731306791305542

AUC-ROC: 0.9531148604802077

AVG-PREC: 0.9002452552464848

Confusion matrix:
[[131   3]
 [ 18  28]]

T Loss: 0.3156244712216513

T Loss(reg): 0.3169541614396231

V Loss: 0.4009372293949127

hidden_neurons = 6
dropout = 0.08658128211832698
lr = 0.002530315363231387
eps = 1.6516808099564973e-07
wd = 7.141119204788848e-05
lambda1_dim1 = 1.669665721023354e-06
lambda2_dim1 = 6.368583640194637e-07
lambda1_dim2 = 2.0342028053277926e-08
lambda2_dim2 = 2.0678941459740793e-11
flood_penalty = 0.18613187374510126
soft_label_alpha = 0.10348253777080188
sched-steps = 22
sched-gamma = 0.6213666892994011
beta1 = 0.9
beta2 = 0.999
batch_size = 256
