2020-04-09 21:24:36.529366
Model name: diabnet/models/model-sp-soft-label-negatives-1000-nodropout-bn-decay-041.pth

Confusion matrix:
[[106.  45.]
 [ 16.  13.]]

T Loss: 0.35656982064247134

T Loss(reg): 0.6993054151535034

V Loss: 0.8728659550348917

l1_neurons = 128
l2_neurons = 0
l3_neurons = 0
dp0 = 0
dp1 = 0.0
dp2 = 0
dp3 = 0
lr = 0.0007
wd = 1e-06
lambda1_dim1 = 0.0003
lambda2_dim1 = 0.05
lambda1_dim2 = 0.0008
lambda2_dim2 = 0.05
