2020-09-15 17:21:41.706015
Model name: diabnet/models/model-6-soft-label-age-negatives-1000-dropout0-bn-decay-flood-hyperopt-ax-batch256-adamw-lc1-20200915-036.pth

Accuracy: 0.7388888888888889

Balanced Accuracy: 0.5236453201970444

ECE: 0.0983986109495163

MCE: 0.7998331785202026

AUC-ROC: 0.6409852216748768

AVG-PREC: 0.2507776546934042

Confusion matrix:
[[127  18]
 [ 29   6]]

T Loss: 0.4566730856895447

T Loss(reg): 0.457999587059021

V Loss: 0.6139010787010193

hidden_neurons = 6
dropout = 0.08658128211832698
lr = 0.002530315363231387
eps = 1.6516808099564973e-07
wd = 7.141119204788848e-05
lambda1_dim1 = 1.669665721023354e-06
lambda2_dim1 = 6.368583640194637e-07
lambda1_dim2 = 2.0342028053277926e-08
lambda2_dim2 = 2.0678941459740793e-11
flood_penalty = 0.18613187374510126
soft_label_alpha = 0.10348253777080188
sched-steps = 22
sched-gamma = 0.6213666892994011
beta1 = 0.9
beta2 = 0.999
batch_size = 256
