2020-04-06 17:36:14.658468
Model name: diabnet/models/model-sp-soft-label-random-1000-nodropout-decay-055.pth

Confusion matrix:
[[101.  31.]
 [ 34.  14.]]

T Loss: 0.43690831661224366

T Loss(reg): 0.7342544198036194

V Loss: 0.8798843622207642

l1_neurons = 128
l2_neurons = 0
l3_neurons = 0
dp0 = 0
dp1 = 0.0
dp2 = 0
dp3 = 0
lr = 0.0007
wd = 1e-06
lambda1_dim1 = 0.0003
lambda2_dim1 = 0.05
lambda1_dim2 = 0.0008
lambda2_dim2 = 0.05
