2020-04-13 11:04:10.201208
Model name: diabnet/models/model-sp-soft-label-positives-1000-dropout0-05-bn-decay-006.pth

Confusion matrix:
[[115.  24.]
 [  7.  34.]]

T Loss: 0.44526769518852233

T Loss(reg): 0.8484984040260315

V Loss: 0.5569037199020386

l1_neurons = 128
l2_neurons = 0
l3_neurons = 0
dp0 = 0.5
dp1 = 0.0
dp2 = 0
dp3 = 0
lr = 0.0007
wd = 1e-06
lambda1_dim1 = 0.0003
lambda2_dim1 = 0.05
lambda1_dim2 = 0.0008
lambda2_dim2 = 0.05
