2020-04-13 12:13:14.014726
Model name: diabnet/models/model-sp-soft-label-positives-1000-dropout0-05-bn-decay-026.pth

Confusion matrix:
[[124.  14.]
 [  7.  35.]]

T Loss: 0.4405804991722107

T Loss(reg): 0.837255597114563

V Loss: 0.5273016492525736

l1_neurons = 128
l2_neurons = 0
l3_neurons = 0
dp0 = 0.5
dp1 = 0.0
dp2 = 0
dp3 = 0
lr = 0.0007
wd = 1e-06
lambda1_dim1 = 0.0003
lambda2_dim1 = 0.05
lambda1_dim2 = 0.0008
lambda2_dim2 = 0.05
