2020-04-14 14:01:40.284914
Model name: diabnet/models/model-sp-soft-label-negatives-1000-dropout0-05-bn-decay-059.pth

Confusion matrix:
[[91. 39.]
 [37. 13.]]

T Loss: 0.3937321424484253

T Loss(reg): 0.7135680437088012

V Loss: 1.013572136561076

l1_neurons = 128
l2_neurons = 0
l3_neurons = 0
dp0 = 0.5
dp1 = 0.0
dp2 = 0
dp3 = 0
lr = 0.0007
wd = 1e-06
lambda1_dim1 = 0.0003
lambda2_dim1 = 0.05
lambda1_dim2 = 0.0008
lambda2_dim2 = 0.05
