2020-03-06 18:37:36.690438
Model name: diabnet/models/model-sp-soft-label-positives-1000-decay-026.pth'

Confusion matrix:
[[132.9         10.1       ]
 [ 13.13333333  23.86666667]]

T Loss: 0.4525457739830017

T Loss(reg): 0.7913041710853577

V Loss: 0.5385173069106208

l1_neurons = 256
l2_neurons = 0
l3_neurons = 0
dp0 = 0
dp1 = 0.5
dp2 = 0
dp3 = 0
lr = 0.0007
wd = 1e-06
lambda1_dim1 = 0.0003
lambda2_dim1 = 0.05
lambda1_dim2 = 0.0008
lambda2_dim2 = 0.05
