2020-03-06 17:41:16.841969
Model name: diabnet/models/model-sp-soft-label-positives-1000-decay-010.pth'

Confusion matrix:
[[131.5  12.5]
 [  5.6  30.4]]

T Loss: 0.4582600355148315

T Loss(reg): 0.7869592428207397

V Loss: 0.49950486222902934

l1_neurons = 256
l2_neurons = 0
l3_neurons = 0
dp0 = 0
dp1 = 0.5
dp2 = 0
dp3 = 0
lr = 0.0007
wd = 1e-06
lambda1_dim1 = 0.0003
lambda2_dim1 = 0.05
lambda1_dim2 = 0.0008
lambda2_dim2 = 0.05
