2020-04-06 20:51:41.020047
Model name: diabnet/models/model-sp-soft-label-random-1000-nodropout-decay-088.pth

Confusion matrix:
[[107.  34.]
 [ 23.  16.]]

T Loss: 0.4407549977302551

T Loss(reg): 0.7682435750961304

V Loss: 0.7597713669141134

l1_neurons = 128
l2_neurons = 0
l3_neurons = 0
dp0 = 0
dp1 = 0.0
dp2 = 0
dp3 = 0
lr = 0.0007
wd = 1e-06
lambda1_dim1 = 0.0003
lambda2_dim1 = 0.05
lambda1_dim2 = 0.0008
lambda2_dim2 = 0.05
