2020-03-24 14:18:26.864024
Model name: diabnet/models/model-sp-soft-label-positives-1000-dropout005-decay-010.pth'

Confusion matrix:
[[124.13333333  16.86666667]
 [  8.6         30.4       ]]

T Loss: 0.4503311276435852

T Loss(reg): 0.8228268027305603

V Loss: 0.5212141964170668

l1_neurons = 128
l2_neurons = 0
l3_neurons = 0
dp0 = 0
dp1 = 0.05
dp2 = 0
dp3 = 0
lr = 0.0007
wd = 1e-06
lambda1_dim1 = 0.0003
lambda2_dim1 = 0.05
lambda1_dim2 = 0.0008
lambda2_dim2 = 0.05
