2020-04-13 15:02:48.823752
Model name: diabnet/models/model-sp-soft-label-positives-1000-dropout0-05-bn-decay-075.pth

Confusion matrix:
[[113.  28.]
 [  8.  31.]]

T Loss: 0.43380979895591737

T Loss(reg): 0.8258248209953308

V Loss: 0.5734415650367737

l1_neurons = 128
l2_neurons = 0
l3_neurons = 0
dp0 = 0.5
dp1 = 0.0
dp2 = 0
dp3 = 0
lr = 0.0007
wd = 1e-06
lambda1_dim1 = 0.0003
lambda2_dim1 = 0.05
lambda1_dim2 = 0.0008
lambda2_dim2 = 0.05
