2020-03-06 22:35:20.287640
Model name: diabnet/models/model-sp-soft-label-positives-1000-decay-096.pth'

Confusion matrix:
[[134.3  12.7]
 [  8.5  24.5]]

T Loss: 0.45061007142066956

T Loss(reg): 0.783861494064331

V Loss: 0.5133234318759706

l1_neurons = 256
l2_neurons = 0
l3_neurons = 0
dp0 = 0
dp1 = 0.5
dp2 = 0
dp3 = 0
lr = 0.0007
wd = 1e-06
lambda1_dim1 = 0.0003
lambda2_dim1 = 0.05
lambda1_dim2 = 0.0008
lambda2_dim2 = 0.05
