2020-03-06 17:59:40.048536
Model name: diabnet/models/model-sp-soft-label-positives-1000-decay-015.pth'

Confusion matrix:
[[123.76666667  14.23333333]
 [ 14.63333333  27.36666667]]

T Loss: 0.46308147311210635

T Loss(reg): 0.8165820002555847

V Loss: 0.5429328776068157

l1_neurons = 256
l2_neurons = 0
l3_neurons = 0
dp0 = 0
dp1 = 0.5
dp2 = 0
dp3 = 0
lr = 0.0007
wd = 1e-06
lambda1_dim1 = 0.0003
lambda2_dim1 = 0.05
lambda1_dim2 = 0.0008
lambda2_dim2 = 0.05
