2020-03-06 18:23:59.670959
Model name: diabnet/models/model-sp-soft-label-positives-1000-decay-022.pth'

Confusion matrix:
[[126.23333333  11.76666667]
 [ 17.56666667  24.43333333]]

T Loss: 0.4558944463729858

T Loss(reg): 0.7777027010917663

V Loss: 0.5596251209576925

l1_neurons = 256
l2_neurons = 0
l3_neurons = 0
dp0 = 0
dp1 = 0.5
dp2 = 0
dp3 = 0
lr = 0.0007
wd = 1e-06
lambda1_dim1 = 0.0003
lambda2_dim1 = 0.05
lambda1_dim2 = 0.0008
lambda2_dim2 = 0.05
