2020-03-24 18:25:18.311090
Model name: diabnet/models/model-sp-soft-label-positives-1000-dropout005-decay-084.pth'

Confusion matrix:
[[124.36666667  14.63333333]
 [ 12.9         28.1       ]]

T Loss: 0.4387259304523468

T Loss(reg): 0.8132880449295044

V Loss: 0.568827215830485

l1_neurons = 128
l2_neurons = 0
l3_neurons = 0
dp0 = 0
dp1 = 0.05
dp2 = 0
dp3 = 0
lr = 0.0007
wd = 1e-06
lambda1_dim1 = 0.0003
lambda2_dim1 = 0.05
lambda1_dim2 = 0.0008
lambda2_dim2 = 0.05
