2020-04-29 14:49:07.504244
Model name: diabnet/models/model-32-sp-soft-label-randomized_positives-1000-dropout0-05-bn-decay-flood-070.pth

Confusion matrix:
[[110.  33.]
 [ 21.  16.]]

T Loss: 0.5130707204341889

T Loss(reg): 0.8621125102043152

V Loss: 0.6981221238772074

l1_neurons = 32
l2_neurons = 0
l3_neurons = 0
dp0 = 0.5
dp1 = 0.0
dp2 = 0
dp3 = 0
lr = 0.0007
wd = 1e-06
lambda1_dim1 = 0.0003
lambda2_dim1 = 0.05
lambda1_dim2 = 0.0008
lambda2_dim2 = 0.05
