2020-04-09 23:12:30.964628
Model name: diabnet/models/model-sp-soft-label-negatives-1000-nodropout-bn-decay-072.pth

Confusion matrix:
[[105.  41.]
 [ 23.  11.]]

T Loss: 0.3627192795276642

T Loss(reg): 0.6981098413467407

V Loss: 0.8668524424235026

l1_neurons = 128
l2_neurons = 0
l3_neurons = 0
dp0 = 0
dp1 = 0.0
dp2 = 0
dp3 = 0
lr = 0.0007
wd = 1e-06
lambda1_dim1 = 0.0003
lambda2_dim1 = 0.05
lambda1_dim2 = 0.0008
lambda2_dim2 = 0.05
