2020-03-06 18:51:12.004564
Model name: diabnet/models/model-sp-soft-label-positives-1000-decay-030.pth'

Confusion matrix:
[[129.03333333  20.96666667]
 [  7.96666667  22.03333333]]

T Loss: 0.4532060980796814

T Loss(reg): 0.7837767601013184

V Loss: 0.5510264601972368

l1_neurons = 256
l2_neurons = 0
l3_neurons = 0
dp0 = 0
dp1 = 0.5
dp2 = 0
dp3 = 0
lr = 0.0007
wd = 1e-06
lambda1_dim1 = 0.0003
lambda2_dim1 = 0.05
lambda1_dim2 = 0.0008
lambda2_dim2 = 0.05
