2020-09-15 18:04:18.459446
Model name: diabnet/models/model-6-soft-label-age-randomized_positives-1000-dropout0-bn-decay-flood-hyperopt-ax-batch256-adamw-lc1-20200915-045.pth

Accuracy: 0.7388888888888889

Balanced Accuracy: 0.5642857142857143

ECE: 0.18133701384067535

MCE: 0.5670920014381409

AUC-ROC: 0.5548214285714286

AVG-PREC: 0.27886685838030933

Confusion matrix:
[[123  17]
 [ 30  10]]

T Loss: 0.33611693552562166

T Loss(reg): 0.3374915974480765

V Loss: 0.7159295082092285

hidden_neurons = 6
dropout = 0.08658128211832698
lr = 0.002530315363231387
eps = 1.6516808099564973e-07
wd = 7.141119204788848e-05
lambda1_dim1 = 1.669665721023354e-06
lambda2_dim1 = 6.368583640194637e-07
lambda1_dim2 = 2.0342028053277926e-08
lambda2_dim2 = 2.0678941459740793e-11
flood_penalty = 0.18613187374510126
soft_label_alpha = 0.10348253777080188
sched-steps = 22
sched-gamma = 0.6213666892994011
beta1 = 0.9
beta2 = 0.999
batch_size = 256
