2020-09-15 16:43:25.192652
Model name: diabnet/models/model-6-soft-label-age-random-1000-dropout0-bn-decay-flood-hyperopt-ax-batch256-adamw-lc1-20200915-037.pth

Accuracy: 0.75

Balanced Accuracy: 0.4920619920619921

ECE: 0.10172413289546967

MCE: 0.32264262437820435

AUC-ROC: 0.5673785673785674

AVG-PREC: 0.24248728969741234

Confusion matrix:
[[133  10]
 [ 35   2]]

T Loss: 0.4801385189805712

T Loss(reg): 0.4814895178590502

V Loss: 0.612708568572998

hidden_neurons = 6
dropout = 0.08658128211832698
lr = 0.002530315363231387
eps = 1.6516808099564973e-07
wd = 7.141119204788848e-05
lambda1_dim1 = 1.669665721023354e-06
lambda2_dim1 = 6.368583640194637e-07
lambda1_dim2 = 2.0342028053277926e-08
lambda2_dim2 = 2.0678941459740793e-11
flood_penalty = 0.18613187374510126
soft_label_alpha = 0.10348253777080188
sched-steps = 22
sched-gamma = 0.6213666892994011
beta1 = 0.9
beta2 = 0.999
batch_size = 256
