2020-04-28 13:07:40.320703
Model name: diabnet/models/model-32-sp-soft-label-negatives-1000-dropout0-05-bn-decay-flood-064.pth

Confusion matrix:
[[109.  26.]
 [ 43.   2.]]

T Loss: 0.5548282742500306

T Loss(reg): 0.8458847522735595

V Loss: 0.7620547016461691

l1_neurons = 32
l2_neurons = 0
l3_neurons = 0
dp0 = 0.5
dp1 = 0.0
dp2 = 0
dp3 = 0
lr = 0.0007
wd = 1e-06
lambda1_dim1 = 0.0003
lambda2_dim1 = 0.05
lambda1_dim2 = 0.0008
lambda2_dim2 = 0.05
