2020-03-06 19:08:07.879158
Model name: diabnet/models/model-sp-soft-label-positives-1000-decay-035.pth'

Confusion matrix:
[[130.23333333  14.76666667]
 [  7.76666667  27.23333333]]

T Loss: 0.4479203462600708

T Loss(reg): 0.7968865036964417

V Loss: 0.5289352423614926

l1_neurons = 256
l2_neurons = 0
l3_neurons = 0
dp0 = 0
dp1 = 0.5
dp2 = 0
dp3 = 0
lr = 0.0007
wd = 1e-06
lambda1_dim1 = 0.0003
lambda2_dim1 = 0.05
lambda1_dim2 = 0.0008
lambda2_dim2 = 0.05
