2020-03-31 13:33:42.310764
Model name: diabnet/models/model-sp-soft-label-negatives-1000-dropout005-decay-020.pth'

Confusion matrix:
[[104.33333333  26.66666667]
 [ 40.8          8.2       ]]

T Loss: 0.5106874704360962

T Loss(reg): 0.7836749076843261

V Loss: 0.800346718231837

l1_neurons = 128
l2_neurons = 0
l3_neurons = 0
dp0 = 0
dp1 = 0.05
dp2 = 0
dp3 = 0
lr = 0.0007
wd = 1e-06
lambda1_dim1 = 0.0003
lambda2_dim1 = 0.05
lambda1_dim2 = 0.0008
lambda2_dim2 = 0.05
