2020-09-15 16:05:42.467320
Model name: diabnet/models/model-6-soft-label-age-positives-1000-dropout0-bn-decay-flood-hyperopt-ax-batch256-adamw-lc1-20200915-041.pth

Accuracy: 0.8833333333333333

Balanced Accuracy: 0.8506218202374223

ECE: 0.07920055091381073

MCE: 0.21982413530349731

AUC-ROC: 0.9444601469756925

AVG-PREC: 0.9044032696659489

Confusion matrix:
[[115   7]
 [ 14  44]]

T Loss: 0.3331432512828282

T Loss(reg): 0.3344394138881138

V Loss: 0.4036279618740082

hidden_neurons = 6
dropout = 0.08658128211832698
lr = 0.002530315363231387
eps = 1.6516808099564973e-07
wd = 7.141119204788848e-05
lambda1_dim1 = 1.669665721023354e-06
lambda2_dim1 = 6.368583640194637e-07
lambda1_dim2 = 2.0342028053277926e-08
lambda2_dim2 = 2.0678941459740793e-11
flood_penalty = 0.18613187374510126
soft_label_alpha = 0.10348253777080188
sched-steps = 22
sched-gamma = 0.6213666892994011
beta1 = 0.9
beta2 = 0.999
batch_size = 256
