2020-04-09 14:14:24.490093
Model name: diabnet/models/model-sp-soft-label-positives-1000-nodropout-bn-decay-041.pth

Confusion matrix:
[[131.  13.]
 [ 13.  23.]]

T Loss: 0.43163309097290037

T Loss(reg): 0.8527526617050171

V Loss: 0.5483195384343466

l1_neurons = 128
l2_neurons = 0
l3_neurons = 0
dp0 = 0
dp1 = 0.0
dp2 = 0
dp3 = 0
lr = 0.0007
wd = 1e-06
lambda1_dim1 = 0.0003
lambda2_dim1 = 0.05
lambda1_dim2 = 0.0008
lambda2_dim2 = 0.05
