2020-09-15 16:24:16.268575
Model name: diabnet/models/model-6-soft-label-age-positives-1000-dropout0-bn-decay-flood-hyperopt-ax-batch256-adamw-lc1-20200915-088.pth

Accuracy: 0.8833333333333333

Balanced Accuracy: 0.8298824355150026

ECE: 0.07071466743946075

MCE: 0.3753538429737091

AUC-ROC: 0.9468327776802947

AVG-PREC: 0.8269234649010692

Confusion matrix:
[[129  10]
 [ 11  30]]

T Loss: 0.31094091704913546

T Loss(reg): 0.3122491793973105

V Loss: 0.39727169275283813

hidden_neurons = 6
dropout = 0.08658128211832698
lr = 0.002530315363231387
eps = 1.6516808099564973e-07
wd = 7.141119204788848e-05
lambda1_dim1 = 1.669665721023354e-06
lambda2_dim1 = 6.368583640194637e-07
lambda1_dim2 = 2.0342028053277926e-08
lambda2_dim2 = 2.0678941459740793e-11
flood_penalty = 0.18613187374510126
soft_label_alpha = 0.10348253777080188
sched-steps = 22
sched-gamma = 0.6213666892994011
beta1 = 0.9
beta2 = 0.999
batch_size = 256
