2020-04-03 19:32:30.434899
Model name: diabnet/models/model-sp-soft-label-random-1000-dropout005-decay-084.pth

Confusion matrix:
[[116.26666667  33.73333333]
 [ 25.5          4.5       ]]

T Loss: 0.4791003465652466

T Loss(reg): 0.7854825973510742

V Loss: 0.7828548173109691

l1_neurons = 128
l2_neurons = 0
l3_neurons = 0
dp0 = 0
dp1 = 0.05
dp2 = 0
dp3 = 0
lr = 0.0007
wd = 1e-06
lambda1_dim1 = 0.0003
lambda2_dim1 = 0.05
lambda1_dim2 = 0.0008
lambda2_dim2 = 0.05
