2020-09-15 16:35:17.222086
Model name: diabnet/models/model-6-soft-label-age-random-1000-dropout0-bn-decay-flood-hyperopt-ax-batch256-adamw-lc1-20200915-016.pth

Accuracy: 0.6388888888888888

Balanced Accuracy: 0.444899072558647

ECE: 0.1523084193468094

MCE: 0.7335978746414185

AUC-ROC: 0.5370067284960902

AVG-PREC: 0.2228519543444356

Confusion matrix:
[[111  30]
 [ 35   4]]

T Loss: 0.4378909340926579

T Loss(reg): 0.43926017199243816

V Loss: 0.689473569393158

hidden_neurons = 6
dropout = 0.08658128211832698
lr = 0.002530315363231387
eps = 1.6516808099564973e-07
wd = 7.141119204788848e-05
lambda1_dim1 = 1.669665721023354e-06
lambda2_dim1 = 6.368583640194637e-07
lambda1_dim2 = 2.0342028053277926e-08
lambda2_dim2 = 2.0678941459740793e-11
flood_penalty = 0.18613187374510126
soft_label_alpha = 0.10348253777080188
sched-steps = 22
sched-gamma = 0.6213666892994011
beta1 = 0.9
beta2 = 0.999
batch_size = 256
