2020-04-13 15:44:25.898419
Model name: diabnet/models/model-sp-soft-label-positives-1000-dropout0-05-bn-decay-087.pth

Confusion matrix:
[[123.  18.]
 [  7.  32.]]

T Loss: 0.4409627795219421

T Loss(reg): 0.8343477487564087

V Loss: 0.5231813589731852

l1_neurons = 128
l2_neurons = 0
l3_neurons = 0
dp0 = 0.5
dp1 = 0.0
dp2 = 0
dp3 = 0
lr = 0.0007
wd = 1e-06
lambda1_dim1 = 0.0003
lambda2_dim1 = 0.05
lambda1_dim2 = 0.0008
lambda2_dim2 = 0.05
