2020-09-15 16:06:52.976327
Model name: diabnet/models/model-6-soft-label-age-positives-1000-dropout0-bn-decay-flood-hyperopt-ax-batch256-adamw-lc1-20200915-044.pth

Accuracy: 0.8722222222222222

Balanced Accuracy: 0.7885979268957992

ECE: 0.04341993108391762

MCE: 0.32501405477523804

AUC-ROC: 0.9218039643571558

AVG-PREC: 0.7807977677639426

Confusion matrix:
[[132   9]
 [ 14  25]]

T Loss: 0.33804117356027874

T Loss(reg): 0.3393917552062443

V Loss: 0.4170387089252472

hidden_neurons = 6
dropout = 0.08658128211832698
lr = 0.002530315363231387
eps = 1.6516808099564973e-07
wd = 7.141119204788848e-05
lambda1_dim1 = 1.669665721023354e-06
lambda2_dim1 = 6.368583640194637e-07
lambda1_dim2 = 2.0342028053277926e-08
lambda2_dim2 = 2.0678941459740793e-11
flood_penalty = 0.18613187374510126
soft_label_alpha = 0.10348253777080188
sched-steps = 22
sched-gamma = 0.6213666892994011
beta1 = 0.9
beta2 = 0.999
batch_size = 256
