2020-04-09 19:43:28.531414
Model name: diabnet/models/model-sp-soft-label-negatives-1000-nodropout-bn-decay-012.pth

Confusion matrix:
[[97. 46.]
 [27. 10.]]

T Loss: 0.34074023365974426

T Loss(reg): 0.6844307780265808

V Loss: 0.9910516540209452

l1_neurons = 128
l2_neurons = 0
l3_neurons = 0
dp0 = 0
dp1 = 0.0
dp2 = 0
dp3 = 0
lr = 0.0007
wd = 1e-06
lambda1_dim1 = 0.0003
lambda2_dim1 = 0.05
lambda1_dim2 = 0.0008
lambda2_dim2 = 0.05
