2020-04-13 17:48:14.444346
Model name: diabnet/models/model-sp-soft-label-random-1000-dropout0-05-bn-decay-017.pth

Confusion matrix:
[[118.  27.]
 [ 29.   6.]]

T Loss: 0.42841328382492067

T Loss(reg): 0.7402933001518249

V Loss: 0.8727194865544637

l1_neurons = 128
l2_neurons = 0
l3_neurons = 0
dp0 = 0.5
dp1 = 0.0
dp2 = 0
dp3 = 0
lr = 0.0007
wd = 1e-06
lambda1_dim1 = 0.0003
lambda2_dim1 = 0.05
lambda1_dim2 = 0.0008
lambda2_dim2 = 0.05
