2020-04-06 11:12:14.780586
Model name: diabnet/models/model-sp-soft-label-random-1000-nodropout-decay-000.pth

Confusion matrix:
[[92. 40.]
 [36. 12.]]

T Loss: 0.4630605697631836

T Loss(reg): 0.7708421230316163

V Loss: 0.8330401182174683

l1_neurons = 128
l2_neurons = 0
l3_neurons = 0
dp0 = 0
dp1 = 0.0
dp2 = 0
dp3 = 0
lr = 0.0007
wd = 1e-06
lambda1_dim1 = 0.0003
lambda2_dim1 = 0.05
lambda1_dim2 = 0.0008
lambda2_dim2 = 0.05
