2020-09-15 15:59:36.836674
Model name: diabnet/models/model-6-soft-label-age-positives-1000-dropout0-bn-decay-flood-hyperopt-ax-batch256-adamw-lc1-20200915-025.pth

Accuracy: 0.9333333333333333

Balanced Accuracy: 0.8857142857142857

ECE: 0.0847146213054657

MCE: 0.3684435784816742

AUC-ROC: 0.9592857142857143

AVG-PREC: 0.9157275220981631

Confusion matrix:
[[136   4]
 [  8  32]]

T Loss: 0.32600997601236614

T Loss(reg): 0.3273450902530125

V Loss: 0.37065646052360535

hidden_neurons = 6
dropout = 0.08658128211832698
lr = 0.002530315363231387
eps = 1.6516808099564973e-07
wd = 7.141119204788848e-05
lambda1_dim1 = 1.669665721023354e-06
lambda2_dim1 = 6.368583640194637e-07
lambda1_dim2 = 2.0342028053277926e-08
lambda2_dim2 = 2.0678941459740793e-11
flood_penalty = 0.18613187374510126
soft_label_alpha = 0.10348253777080188
sched-steps = 22
sched-gamma = 0.6213666892994011
beta1 = 0.9
beta2 = 0.999
batch_size = 256
