2020-04-07 17:17:06.469782
Model name: diabnet/models/model-sp-soft-label-negative-1000-nodropout-decay-079.pth

Confusion matrix:
[[107.  36.]
 [ 26.  11.]]

T Loss: 0.4691108226776123

T Loss(reg): 0.755694580078125

V Loss: 0.7309054334958395

l1_neurons = 128
l2_neurons = 0
l3_neurons = 0
dp0 = 0
dp1 = 0.0
dp2 = 0
dp3 = 0
lr = 0.0007
wd = 1e-06
lambda1_dim1 = 0.0003
lambda2_dim1 = 0.05
lambda1_dim2 = 0.0008
lambda2_dim2 = 0.05
