2020-04-03 15:34:32.535415
Model name: diabnet/models/model-sp-soft-label-random-1000-dropout005-decay-014.pth

Confusion matrix:
[[109.06666667  38.93333333]
 [ 27.1          4.9       ]]

T Loss: 0.47415473461151125

T Loss(reg): 0.7710938572883606

V Loss: 0.8150535431173113

l1_neurons = 128
l2_neurons = 0
l3_neurons = 0
dp0 = 0
dp1 = 0.05
dp2 = 0
dp3 = 0
lr = 0.0007
wd = 1e-06
lambda1_dim1 = 0.0003
lambda2_dim1 = 0.05
lambda1_dim2 = 0.0008
lambda2_dim2 = 0.05
