2020-04-07 10:07:13.274436
Model name: diabnet/models/model-sp-soft-label-negative-1000-nodropout-decay-021.pth

Confusion matrix:
[[103.  28.]
 [ 34.  15.]]

T Loss: 0.5133116364479064

T Loss(reg): 0.8259213447570801

V Loss: 0.7871220111846924

l1_neurons = 128
l2_neurons = 0
l3_neurons = 0
dp0 = 0
dp1 = 0.0
dp2 = 0
dp3 = 0
lr = 0.0007
wd = 1e-06
lambda1_dim1 = 0.0003
lambda2_dim1 = 0.05
lambda1_dim2 = 0.0008
lambda2_dim2 = 0.05
