2020-03-16 16:08:58.043479
Model name: diabnet/models/model-sp-soft-label-positives-1000-nodropout-decay-017.pth'

Confusion matrix:
[[113.  11.]
 [ 18.  38.]]

T Loss: 0.44343172311782836

T Loss(reg): 0.8304592609405518

V Loss: 0.540409525235494

l1_neurons = 128
l2_neurons = 0
l3_neurons = 0
dp0 = 0
dp1 = 0.0
dp2 = 0
dp3 = 0
lr = 0.0007
wd = 1e-06
lambda1_dim1 = 0.0003
lambda2_dim1 = 0.05
lambda1_dim2 = 0.0008
lambda2_dim2 = 0.05
