2020-04-13 16:15:36.648470
Model name: diabnet/models/model-sp-soft-label-positives-1000-dropout0-05-bn-decay-096.pth

Confusion matrix:
[[118.  20.]
 [  7.  35.]]

T Loss: 0.4469543695449829

T Loss(reg): 0.8391742825508117

V Loss: 0.5646291176478068

l1_neurons = 128
l2_neurons = 0
l3_neurons = 0
dp0 = 0.5
dp1 = 0.0
dp2 = 0
dp3 = 0
lr = 0.0007
wd = 1e-06
lambda1_dim1 = 0.0003
lambda2_dim1 = 0.05
lambda1_dim2 = 0.0008
lambda2_dim2 = 0.05
