2020-03-06 19:59:01.441698
Model name: diabnet/models/model-sp-soft-label-positives-1000-decay-050.pth'

Confusion matrix:
[[129.73333333  12.26666667]
 [  8.26666667  29.73333333]]

T Loss: 0.4561689555644989

T Loss(reg): 0.7846447587013244

V Loss: 0.5069021178616417

l1_neurons = 256
l2_neurons = 0
l3_neurons = 0
dp0 = 0
dp1 = 0.5
dp2 = 0
dp3 = 0
lr = 0.0007
wd = 1e-06
lambda1_dim1 = 0.0003
lambda2_dim1 = 0.05
lambda1_dim2 = 0.0008
lambda2_dim2 = 0.05
