2020-03-24 15:58:05.897655
Model name: diabnet/models/model-sp-soft-label-positives-1000-dropout005-decay-040.pth'

Confusion matrix:
[[122.2         12.8       ]
 [ 11.83333333  33.16666667]]

T Loss: 0.4430273175239563

T Loss(reg): 0.8117569565773011

V Loss: 0.5480070571104686

l1_neurons = 128
l2_neurons = 0
l3_neurons = 0
dp0 = 0
dp1 = 0.05
dp2 = 0
dp3 = 0
lr = 0.0007
wd = 1e-06
lambda1_dim1 = 0.0003
lambda2_dim1 = 0.05
lambda1_dim2 = 0.0008
lambda2_dim2 = 0.05
