2020-03-24 17:07:54.432430
Model name: diabnet/models/model-sp-soft-label-positives-1000-dropout005-decay-061.pth'

Confusion matrix:
[[133.2         17.8       ]
 [  9.23333333  19.76666667]]

T Loss: 0.453329986333847

T Loss(reg): 0.8272139430046082

V Loss: 0.5562853746944003

l1_neurons = 128
l2_neurons = 0
l3_neurons = 0
dp0 = 0
dp1 = 0.05
dp2 = 0
dp3 = 0
lr = 0.0007
wd = 1e-06
lambda1_dim1 = 0.0003
lambda2_dim1 = 0.05
lambda1_dim2 = 0.0008
lambda2_dim2 = 0.05
