2020-04-30 15:28:23.460586
Model name: diabnet/models/model-32-sp-soft-label-randomized_1_positives-1000-dropout0-05-bn-decay-flood-068.pth

Confusion matrix:
[[104.  31.]
 [ 23.  22.]]

T Loss: 0.5287293076515198

T Loss(reg): 0.8795451164245606

V Loss: 0.7248155474662781

l1_neurons = 32
l2_neurons = 0
l3_neurons = 0
dp0 = 0.5
dp1 = 0.0
dp2 = 0
dp3 = 0
lr = 0.0007
wd = 1e-06
lambda1_dim1 = 0.0003
lambda2_dim1 = 0.05
lambda1_dim2 = 0.0008
lambda2_dim2 = 0.05
