2020-04-07 15:40:41.988498
Model name: diabnet/models/model-sp-soft-label-negative-1000-nodropout-decay-066.pth

Confusion matrix:
[[102.  31.]
 [ 35.  12.]]

T Loss: 0.5094124138355255

T Loss(reg): 0.8135921478271484

V Loss: 0.796829879283905

l1_neurons = 128
l2_neurons = 0
l3_neurons = 0
dp0 = 0
dp1 = 0.0
dp2 = 0
dp3 = 0
lr = 0.0007
wd = 1e-06
lambda1_dim1 = 0.0003
lambda2_dim1 = 0.05
lambda1_dim2 = 0.0008
lambda2_dim2 = 0.05
