2020-04-13 13:56:54.687902
Model name: diabnet/models/model-sp-soft-label-positives-1000-dropout0-05-bn-decay-056.pth

Confusion matrix:
[[122.  12.]
 [ 15.  31.]]

T Loss: 0.44655312299728395

T Loss(reg): 0.8411647915840149

V Loss: 0.5608764390150706

l1_neurons = 128
l2_neurons = 0
l3_neurons = 0
dp0 = 0.5
dp1 = 0.0
dp2 = 0
dp3 = 0
lr = 0.0007
wd = 1e-06
lambda1_dim1 = 0.0003
lambda2_dim1 = 0.05
lambda1_dim2 = 0.0008
lambda2_dim2 = 0.05
