2020-04-13 17:23:25.587850
Model name: diabnet/models/model-sp-soft-label-random-1000-dropout0-05-bn-decay-010.pth

Confusion matrix:
[[108.  39.]
 [ 22.  11.]]

T Loss: 0.4018153429031372

T Loss(reg): 0.7150786519050598

V Loss: 0.8292153080304464

l1_neurons = 128
l2_neurons = 0
l3_neurons = 0
dp0 = 0.5
dp1 = 0.0
dp2 = 0
dp3 = 0
lr = 0.0007
wd = 1e-06
lambda1_dim1 = 0.0003
lambda2_dim1 = 0.05
lambda1_dim2 = 0.0008
lambda2_dim2 = 0.05
