2020-03-31 19:40:55.370974
Model name: diabnet/models/model-sp-soft-label-negatives-1000-dropout005-decay-085.pth'

Confusion matrix:
[[105.46666667  27.53333333]
 [ 36.46666667  10.53333333]]

T Loss: 0.5155404567718506

T Loss(reg): 0.8056710600852967

V Loss: 0.7779893994331359

l1_neurons = 128
l2_neurons = 0
l3_neurons = 0
dp0 = 0
dp1 = 0.05
dp2 = 0
dp3 = 0
lr = 0.0007
wd = 1e-06
lambda1_dim1 = 0.0003
lambda2_dim1 = 0.05
lambda1_dim2 = 0.0008
lambda2_dim2 = 0.05
