2020-04-13 15:23:33.321511
Model name: diabnet/models/model-sp-soft-label-positives-1000-dropout0-05-bn-decay-081.pth

Confusion matrix:
[[124.  17.]
 [  9.  30.]]

T Loss: 0.44418191313743594

T Loss(reg): 0.8294349551200867

V Loss: 0.512937605381012

l1_neurons = 128
l2_neurons = 0
l3_neurons = 0
dp0 = 0.5
dp1 = 0.0
dp2 = 0
dp3 = 0
lr = 0.0007
wd = 1e-06
lambda1_dim1 = 0.0003
lambda2_dim1 = 0.05
lambda1_dim2 = 0.0008
lambda2_dim2 = 0.05
