2020-04-28 11:53:00.149589
Model name: diabnet/models/model-32-sp-soft-label-negatives-1000-dropout0-05-bn-decay-flood-044.pth

Confusion matrix:
[[114.  22.]
 [ 34.  10.]]

T Loss: 0.5743241906166077

T Loss(reg): 0.8631172418594361

V Loss: 0.7385644117991129

l1_neurons = 32
l2_neurons = 0
l3_neurons = 0
dp0 = 0.5
dp1 = 0.0
dp2 = 0
dp3 = 0
lr = 0.0007
wd = 1e-06
lambda1_dim1 = 0.0003
lambda2_dim1 = 0.05
lambda1_dim2 = 0.0008
lambda2_dim2 = 0.05
