2020-04-28 21:05:27.942065
Model name: diabnet/models/model-32-sp-soft-label-random-1000-dropout0-05-bn-decay-flood-089.pth

Confusion matrix:
[[123.  19.]
 [ 32.   6.]]

T Loss: 0.556586492061615

T Loss(reg): 0.8342844843864441

V Loss: 0.7130637168884277

l1_neurons = 32
l2_neurons = 0
l3_neurons = 0
dp0 = 0.5
dp1 = 0.0
dp2 = 0
dp3 = 0
lr = 0.0007
wd = 1e-06
lambda1_dim1 = 0.0003
lambda2_dim1 = 0.05
lambda1_dim2 = 0.0008
lambda2_dim2 = 0.05
