2020-04-09 15:39:31.504149
Model name: diabnet/models/model-sp-soft-label-positives-1000-nodropout-bn-decay-066.pth

Confusion matrix:
[[134.  13.]
 [  8.  25.]]

T Loss: 0.4254577040672302

T Loss(reg): 0.8319409251213074

V Loss: 0.5414292017618815

l1_neurons = 128
l2_neurons = 0
l3_neurons = 0
dp0 = 0
dp1 = 0.0
dp2 = 0
dp3 = 0
lr = 0.0007
wd = 1e-06
lambda1_dim1 = 0.0003
lambda2_dim1 = 0.05
lambda1_dim2 = 0.0008
lambda2_dim2 = 0.05
