2020-03-31 12:36:54.239550
Model name: diabnet/models/model-sp-soft-label-negatives-1000-dropout005-decay-003.pth'

Confusion matrix:
[[97.13333333 35.86666667]
 [38.2         8.8       ]]

T Loss: 0.4728944718837738

T Loss(reg): 0.7707972168922425

V Loss: 0.8496736069520314

l1_neurons = 128
l2_neurons = 0
l3_neurons = 0
dp0 = 0
dp1 = 0.05
dp2 = 0
dp3 = 0
lr = 0.0007
wd = 1e-06
lambda1_dim1 = 0.0003
lambda2_dim1 = 0.05
lambda1_dim2 = 0.0008
lambda2_dim2 = 0.05
