2020-04-27 21:39:49.790242
Model name: diabnet/models/model-32-sp-soft-label-positives-1000-dropout0-05-bn-decay-flood-040.pth

Confusion matrix:
[[122.  15.]
 [ 14.  29.]]

T Loss: 0.46597871780395506

T Loss(reg): 0.839150857925415

V Loss: 0.5296113987763723

l1_neurons = 32
l2_neurons = 0
l3_neurons = 0
dp0 = 0.5
dp1 = 0.0
dp2 = 0
dp3 = 0
lr = 0.0007
wd = 1e-06
lambda1_dim1 = 0.0003
lambda2_dim1 = 0.05
lambda1_dim2 = 0.0008
lambda2_dim2 = 0.05
