2020-04-07 18:31:21.684867
Model name: diabnet/models/model-sp-soft-label-negative-1000-nodropout-decay-089.pth

Confusion matrix:
[[105.  30.]
 [ 31.  14.]]

T Loss: 0.4642614841461182

T Loss(reg): 0.7705822348594665

V Loss: 0.8040808836619059

l1_neurons = 128
l2_neurons = 0
l3_neurons = 0
dp0 = 0
dp1 = 0.0
dp2 = 0
dp3 = 0
lr = 0.0007
wd = 1e-06
lambda1_dim1 = 0.0003
lambda2_dim1 = 0.05
lambda1_dim2 = 0.0008
lambda2_dim2 = 0.05
