2020-04-03 15:27:49.814664
Model name: diabnet/models/model-sp-soft-label-random-1000-dropout005-decay-012.pth

Confusion matrix:
[[95.56666667 37.43333333]
 [35.63333333 11.36666667]]

T Loss: 0.45001292824745176

T Loss(reg): 0.7621623992919921

V Loss: 0.8655391335487366

l1_neurons = 128
l2_neurons = 0
l3_neurons = 0
dp0 = 0
dp1 = 0.05
dp2 = 0
dp3 = 0
lr = 0.0007
wd = 1e-06
lambda1_dim1 = 0.0003
lambda2_dim1 = 0.05
lambda1_dim2 = 0.0008
lambda2_dim2 = 0.05
