2020-09-15 18:16:09.092618
Model name: diabnet/models/model-6-soft-label-age-randomized_positives-1000-dropout0-bn-decay-flood-hyperopt-ax-batch256-adamw-lc1-20200915-075.pth

Accuracy: 0.7

Balanced Accuracy: 0.5555932778815141

ECE: 0.10800475627183914

MCE: 0.39035481214523315

AUC-ROC: 0.6369037514853165

AVG-PREC: 0.34200484988358

Confusion matrix:
[[114  23]
 [ 31  12]]

T Loss: 0.41895335061209543

T Loss(reg): 0.42029466373579843

V Loss: 0.6350087523460388

hidden_neurons = 6
dropout = 0.08658128211832698
lr = 0.002530315363231387
eps = 1.6516808099564973e-07
wd = 7.141119204788848e-05
lambda1_dim1 = 1.669665721023354e-06
lambda2_dim1 = 6.368583640194637e-07
lambda1_dim2 = 2.0342028053277926e-08
lambda2_dim2 = 2.0678941459740793e-11
flood_penalty = 0.18613187374510126
soft_label_alpha = 0.10348253777080188
sched-steps = 22
sched-gamma = 0.6213666892994011
beta1 = 0.9
beta2 = 0.999
batch_size = 256
