2020-09-15 17:44:42.540679
Model name: diabnet/models/model-6-soft-label-age-negatives-1000-dropout0-bn-decay-flood-hyperopt-ax-batch256-adamw-lc1-20200915-095.pth

Accuracy: 0.6388888888888888

Balanced Accuracy: 0.4642857142857143

ECE: 0.1637149602174759

MCE: 0.8431096076965332

AUC-ROC: 0.5480357142857143

AVG-PREC: 0.25269021946444387

Confusion matrix:
[[109  31]
 [ 34   6]]

T Loss: 0.45756177817072186

T Loss(reg): 0.4588889053889683

V Loss: 0.6981812715530396

hidden_neurons = 6
dropout = 0.08658128211832698
lr = 0.002530315363231387
eps = 1.6516808099564973e-07
wd = 7.141119204788848e-05
lambda1_dim1 = 1.669665721023354e-06
lambda2_dim1 = 6.368583640194637e-07
lambda1_dim2 = 2.0342028053277926e-08
lambda2_dim2 = 2.0678941459740793e-11
flood_penalty = 0.18613187374510126
soft_label_alpha = 0.10348253777080188
sched-steps = 22
sched-gamma = 0.6213666892994011
beta1 = 0.9
beta2 = 0.999
batch_size = 256
