2020-04-09 22:30:50.726543
Model name: diabnet/models/model-sp-soft-label-negatives-1000-nodropout-bn-decay-060.pth

Confusion matrix:
[[92. 48.]
 [26. 14.]]

T Loss: 0.3347132205963135

T Loss(reg): 0.6772569179534912

V Loss: 1.0145210822423298

l1_neurons = 128
l2_neurons = 0
l3_neurons = 0
dp0 = 0
dp1 = 0.0
dp2 = 0
dp3 = 0
lr = 0.0007
wd = 1e-06
lambda1_dim1 = 0.0003
lambda2_dim1 = 0.05
lambda1_dim2 = 0.0008
lambda2_dim2 = 0.05
