2020-04-07 13:49:21.921449
Model name: diabnet/models/model-sp-soft-label-negative-1000-nodropout-decay-051.pth

Confusion matrix:
[[120.  25.]
 [ 27.   8.]]

T Loss: 0.4668427050113678

T Loss(reg): 0.757255220413208

V Loss: 0.7118808428446451

l1_neurons = 128
l2_neurons = 0
l3_neurons = 0
dp0 = 0
dp1 = 0.0
dp2 = 0
dp3 = 0
lr = 0.0007
wd = 1e-06
lambda1_dim1 = 0.0003
lambda2_dim1 = 0.05
lambda1_dim2 = 0.0008
lambda2_dim2 = 0.05
