2020-03-24 16:41:16.474661
Model name: diabnet/models/model-sp-soft-label-positives-1000-dropout005-decay-053.pth'

Confusion matrix:
[[122.6  18.4]
 [  9.1  29.9]]

T Loss: 0.43811929821968076

T Loss(reg): 0.8268407821655274

V Loss: 0.539730707473225

l1_neurons = 128
l2_neurons = 0
l3_neurons = 0
dp0 = 0
dp1 = 0.05
dp2 = 0
dp3 = 0
lr = 0.0007
wd = 1e-06
lambda1_dim1 = 0.0003
lambda2_dim1 = 0.05
lambda1_dim2 = 0.0008
lambda2_dim2 = 0.05
