2020-03-06 20:32:57.368800
Model name: diabnet/models/model-sp-soft-label-positives-1000-decay-060.pth'

Confusion matrix:
[[127.66666667  15.33333333]
 [  9.73333333  27.26666667]]

T Loss: 0.4611716389656067

T Loss(reg): 0.797007155418396

V Loss: 0.5203865965207418

l1_neurons = 256
l2_neurons = 0
l3_neurons = 0
dp0 = 0
dp1 = 0.5
dp2 = 0
dp3 = 0
lr = 0.0007
wd = 1e-06
lambda1_dim1 = 0.0003
lambda2_dim1 = 0.05
lambda1_dim2 = 0.0008
lambda2_dim2 = 0.05
