2020-04-06 14:20:09.194939
Model name: diabnet/models/model-sp-soft-label-random-1000-nodropout-decay-027.pth

Confusion matrix:
[[100.  29.]
 [ 38.  13.]]

T Loss: 0.4872813940048218

T Loss(reg): 0.8017486453056335

V Loss: 0.7804994781812032

l1_neurons = 128
l2_neurons = 0
l3_neurons = 0
dp0 = 0
dp1 = 0.0
dp2 = 0
dp3 = 0
lr = 0.0007
wd = 1e-06
lambda1_dim1 = 0.0003
lambda2_dim1 = 0.05
lambda1_dim2 = 0.0008
lambda2_dim2 = 0.05
