2020-09-15 17:36:06.266447
Model name: diabnet/models/model-6-soft-label-age-negatives-1000-dropout0-bn-decay-flood-hyperopt-ax-batch256-adamw-lc1-20200915-073.pth

Accuracy: 0.7388888888888889

Balanced Accuracy: 0.47505197505197505

ECE: 0.1421317607164383

MCE: 0.6184016466140747

AUC-ROC: 0.5348705348705349

AVG-PREC: 0.20474409826366835

Confusion matrix:
[[132  11]
 [ 36   1]]

T Loss: 0.49103871413639616

T Loss(reg): 0.49227640458515715

V Loss: 0.6329869031906128

hidden_neurons = 6
dropout = 0.08658128211832698
lr = 0.002530315363231387
eps = 1.6516808099564973e-07
wd = 7.141119204788848e-05
lambda1_dim1 = 1.669665721023354e-06
lambda2_dim1 = 6.368583640194637e-07
lambda1_dim2 = 2.0342028053277926e-08
lambda2_dim2 = 2.0678941459740793e-11
flood_penalty = 0.18613187374510126
soft_label_alpha = 0.10348253777080188
sched-steps = 22
sched-gamma = 0.6213666892994011
beta1 = 0.9
beta2 = 0.999
batch_size = 256
