2020-09-15 17:58:01.334917
Model name: diabnet/models/model-6-soft-label-age-randomized_positives-1000-dropout0-bn-decay-flood-hyperopt-ax-batch256-adamw-lc1-20200915-029.pth

Accuracy: 0.6666666666666666

Balanced Accuracy: 0.4996293550778354

ECE: 0.17164497077465057

MCE: 0.7855541706085205

AUC-ROC: 0.5591178650852483

AVG-PREC: 0.23747167805700894

Confusion matrix:
[[112  30]
 [ 30   8]]

T Loss: 0.3430253395012447

T Loss(reg): 0.34437890137944904

V Loss: 0.7211061716079712

hidden_neurons = 6
dropout = 0.08658128211832698
lr = 0.002530315363231387
eps = 1.6516808099564973e-07
wd = 7.141119204788848e-05
lambda1_dim1 = 1.669665721023354e-06
lambda2_dim1 = 6.368583640194637e-07
lambda1_dim2 = 2.0342028053277926e-08
lambda2_dim2 = 2.0678941459740793e-11
flood_penalty = 0.18613187374510126
soft_label_alpha = 0.10348253777080188
sched-steps = 22
sched-gamma = 0.6213666892994011
beta1 = 0.9
beta2 = 0.999
batch_size = 256
