2020-04-09 20:46:17.083127
Model name: diabnet/models/model-sp-soft-label-negatives-1000-nodropout-bn-decay-030.pth

Confusion matrix:
[[91. 56.]
 [27.  6.]]

T Loss: 0.3603236973285675

T Loss(reg): 0.7059456706047058

V Loss: 0.9400164683659872

l1_neurons = 128
l2_neurons = 0
l3_neurons = 0
dp0 = 0
dp1 = 0.0
dp2 = 0
dp3 = 0
lr = 0.0007
wd = 1e-06
lambda1_dim1 = 0.0003
lambda2_dim1 = 0.05
lambda1_dim2 = 0.0008
lambda2_dim2 = 0.05
