2020-04-09 20:18:24.029214
Model name: diabnet/models/model-sp-soft-label-negatives-1000-nodropout-bn-decay-022.pth

Confusion matrix:
[[94. 48.]
 [24. 14.]]

T Loss: 0.34849817156791685

T Loss(reg): 0.6759704709053039

V Loss: 1.0081988374392192

l1_neurons = 128
l2_neurons = 0
l3_neurons = 0
dp0 = 0
dp1 = 0.0
dp2 = 0
dp3 = 0
lr = 0.0007
wd = 1e-06
lambda1_dim1 = 0.0003
lambda2_dim1 = 0.05
lambda1_dim2 = 0.0008
lambda2_dim2 = 0.05
