2020-04-03 19:18:51.127246
Model name: diabnet/models/model-sp-soft-label-random-1000-dropout005-decay-080.pth

Confusion matrix:
[[105.46666667  36.53333333]
 [ 28.13333333   9.86666667]]

T Loss: 0.4911002039909363

T Loss(reg): 0.7889705181121827

V Loss: 0.7858636067973243

l1_neurons = 128
l2_neurons = 0
l3_neurons = 0
dp0 = 0
dp1 = 0.05
dp2 = 0
dp3 = 0
lr = 0.0007
wd = 1e-06
lambda1_dim1 = 0.0003
lambda2_dim1 = 0.05
lambda1_dim2 = 0.0008
lambda2_dim2 = 0.05
