2020-03-24 15:28:11.517375
Model name: diabnet/models/model-sp-soft-label-positives-1000-dropout005-decay-031.pth'

Confusion matrix:
[[123.46666667  12.53333333]
 [ 12.5         31.5       ]]

T Loss: 0.44893025159835814

T Loss(reg): 0.8398798942565918

V Loss: 0.5175671560896767

l1_neurons = 128
l2_neurons = 0
l3_neurons = 0
dp0 = 0
dp1 = 0.05
dp2 = 0
dp3 = 0
lr = 0.0007
wd = 1e-06
lambda1_dim1 = 0.0003
lambda2_dim1 = 0.05
lambda1_dim2 = 0.0008
lambda2_dim2 = 0.05
