2020-04-03 18:48:00.020826
Model name: diabnet/models/model-sp-soft-label-random-1000-dropout005-decay-071.pth

Confusion matrix:
[[112.63333333  32.36666667]
 [ 22.83333333  12.16666667]]

T Loss: 0.4646749377250671

T Loss(reg): 0.7763625383377075

V Loss: 0.7447071234385173

l1_neurons = 128
l2_neurons = 0
l3_neurons = 0
dp0 = 0
dp1 = 0.05
dp2 = 0
dp3 = 0
lr = 0.0007
wd = 1e-06
lambda1_dim1 = 0.0003
lambda2_dim1 = 0.05
lambda1_dim2 = 0.0008
lambda2_dim2 = 0.05
