2020-03-31 18:02:41.955783
Model name: diabnet/models/model-sp-soft-label-negatives-1000-dropout005-decay-071.pth'

Confusion matrix:
[[104.56666667  38.43333333]
 [ 27.6          9.4       ]]

T Loss: 0.4668012797832489

T Loss(reg): 0.7730071544647217

V Loss: 0.7906480405065749

l1_neurons = 128
l2_neurons = 0
l3_neurons = 0
dp0 = 0
dp1 = 0.05
dp2 = 0
dp3 = 0
lr = 0.0007
wd = 1e-06
lambda1_dim1 = 0.0003
lambda2_dim1 = 0.05
lambda1_dim2 = 0.0008
lambda2_dim2 = 0.05
