2020-03-24 13:58:34.027362
Model name: diabnet/models/model-sp-soft-label-positives-1000-dropout005-decay-004.pth'

Confusion matrix:
[[121.56666667  25.43333333]
 [ 11.76666667  21.23333333]]

T Loss: 0.445562070608139

T Loss(reg): 0.8121482491493225

V Loss: 0.563565601905187

l1_neurons = 128
l2_neurons = 0
l3_neurons = 0
dp0 = 0
dp1 = 0.05
dp2 = 0
dp3 = 0
lr = 0.0007
wd = 1e-06
lambda1_dim1 = 0.0003
lambda2_dim1 = 0.05
lambda1_dim2 = 0.0008
lambda2_dim2 = 0.05
