2020-09-15 16:35:40.636851
Model name: diabnet/models/model-6-soft-label-age-random-1000-dropout0-bn-decay-flood-hyperopt-ax-batch256-adamw-lc1-20200915-017.pth

Accuracy: 0.6666666666666666

Balanced Accuracy: 0.4459344763198099

ECE: 0.15195845067501068

MCE: 0.6679824590682983

AUC-ROC: 0.5472755050076388

AVG-PREC: 0.2454560614163368

Confusion matrix:
[[119  18]
 [ 42   1]]

T Loss: 0.4460646893296923

T Loss(reg): 0.4474330629621233

V Loss: 0.6890863180160522

hidden_neurons = 6
dropout = 0.08658128211832698
lr = 0.002530315363231387
eps = 1.6516808099564973e-07
wd = 7.141119204788848e-05
lambda1_dim1 = 1.669665721023354e-06
lambda2_dim1 = 6.368583640194637e-07
lambda1_dim2 = 2.0342028053277926e-08
lambda2_dim2 = 2.0678941459740793e-11
flood_penalty = 0.18613187374510126
soft_label_alpha = 0.10348253777080188
sched-steps = 22
sched-gamma = 0.6213666892994011
beta1 = 0.9
beta2 = 0.999
batch_size = 256
