2020-03-06 22:38:44.014906
Model name: diabnet/models/model-sp-soft-label-positives-1000-decay-097.pth'

Confusion matrix:
[[126.23333333  14.76666667]
 [ 12.13333333  26.86666667]]

T Loss: 0.44904927015304563

T Loss(reg): 0.7771338939666748

V Loss: 0.5346391942765978

l1_neurons = 256
l2_neurons = 0
l3_neurons = 0
dp0 = 0
dp1 = 0.5
dp2 = 0
dp3 = 0
lr = 0.0007
wd = 1e-06
lambda1_dim1 = 0.0003
lambda2_dim1 = 0.05
lambda1_dim2 = 0.0008
lambda2_dim2 = 0.05
