2020-04-09 12:52:45.941921
Model name: diabnet/models/model-sp-soft-label-positives-1000-nodropout-bn-decay-017.pth

Confusion matrix:
[[126.  17.]
 [  7.  30.]]

T Loss: 0.43386719226837156

T Loss(reg): 0.8503921389579773

V Loss: 0.507239451011022

l1_neurons = 128
l2_neurons = 0
l3_neurons = 0
dp0 = 0
dp1 = 0.0
dp2 = 0
dp3 = 0
lr = 0.0007
wd = 1e-06
lambda1_dim1 = 0.0003
lambda2_dim1 = 0.05
lambda1_dim2 = 0.0008
lambda2_dim2 = 0.05
