2020-04-13 12:09:48.079411
Model name: diabnet/models/model-sp-soft-label-positives-1000-dropout0-05-bn-decay-025.pth

Confusion matrix:
[[114.  19.]
 [  9.  38.]]

T Loss: 0.45757119059562684

T Loss(reg): 0.843155813217163

V Loss: 0.5467643936475118

l1_neurons = 128
l2_neurons = 0
l3_neurons = 0
dp0 = 0.5
dp1 = 0.0
dp2 = 0
dp3 = 0
lr = 0.0007
wd = 1e-06
lambda1_dim1 = 0.0003
lambda2_dim1 = 0.05
lambda1_dim2 = 0.0008
lambda2_dim2 = 0.05
