2020-03-06 17:23:00.604385
Model name: diabnet/models/model-sp-soft-label-positives-1000-decay-005.pth'

Confusion matrix:
[[131.13333333  12.86666667]
 [ 13.7         22.3       ]]

T Loss: 0.4584926128387451

T Loss(reg): 0.7953252196311951

V Loss: 0.5593696203496721

l1_neurons = 256
l2_neurons = 0
l3_neurons = 0
dp0 = 0
dp1 = 0.5
dp2 = 0
dp3 = 0
lr = 0.0007
wd = 1e-06
lambda1_dim1 = 0.0003
lambda2_dim1 = 0.05
lambda1_dim2 = 0.0008
lambda2_dim2 = 0.05
