2020-03-31 13:26:59.535027
Model name: diabnet/models/model-sp-soft-label-negatives-1000-dropout005-decay-018.pth'

Confusion matrix:
[[101.2         39.8       ]
 [ 32.03333333   6.96666667]]

T Loss: 0.5149832367897034

T Loss(reg): 0.7892405152320862

V Loss: 0.7901140570640564

l1_neurons = 128
l2_neurons = 0
l3_neurons = 0
dp0 = 0
dp1 = 0.05
dp2 = 0
dp3 = 0
lr = 0.0007
wd = 1e-06
lambda1_dim1 = 0.0003
lambda2_dim1 = 0.05
lambda1_dim2 = 0.0008
lambda2_dim2 = 0.05
