2020-04-09 12:32:22.936295
Model name: diabnet/models/model-sp-soft-label-positives-1000-nodropout-bn-decay-011.pth

Confusion matrix:
[[116.  16.]
 [  7.  41.]]

T Loss: 0.45338237285614014

T Loss(reg): 0.861760675907135

V Loss: 0.5338953336079916

l1_neurons = 128
l2_neurons = 0
l3_neurons = 0
dp0 = 0
dp1 = 0.0
dp2 = 0
dp3 = 0
lr = 0.0007
wd = 1e-06
lambda1_dim1 = 0.0003
lambda2_dim1 = 0.05
lambda1_dim2 = 0.0008
lambda2_dim2 = 0.05
