2020-04-29 15:31:50.882006
Model name: diabnet/models/model-32-sp-soft-label-randomized_positives-1000-dropout0-05-bn-decay-flood-082.pth

Confusion matrix:
[[111.  40.]
 [ 17.  12.]]

T Loss: 0.5195208430290222

T Loss(reg): 0.8898106813430786

V Loss: 0.7140111128489176

l1_neurons = 32
l2_neurons = 0
l3_neurons = 0
dp0 = 0.5
dp1 = 0.0
dp2 = 0
dp3 = 0
lr = 0.0007
wd = 1e-06
lambda1_dim1 = 0.0003
lambda2_dim1 = 0.05
lambda1_dim2 = 0.0008
lambda2_dim2 = 0.05
