2020-03-06 19:21:41.612298
Model name: diabnet/models/model-sp-soft-label-positives-1000-decay-039.pth'

Confusion matrix:
[[128.53333333  11.46666667]
 [  9.23333333  30.76666667]]

T Loss: 0.44935083389282227

T Loss(reg): 0.7890540480613708

V Loss: 0.5184783892499076

l1_neurons = 256
l2_neurons = 0
l3_neurons = 0
dp0 = 0
dp1 = 0.5
dp2 = 0
dp3 = 0
lr = 0.0007
wd = 1e-06
lambda1_dim1 = 0.0003
lambda2_dim1 = 0.05
lambda1_dim2 = 0.0008
lambda2_dim2 = 0.05
