2020-03-24 15:11:33.727232
Model name: diabnet/models/model-sp-soft-label-positives-1000-dropout005-decay-026.pth'

Confusion matrix:
[[125.73333333  16.26666667]
 [ 12.83333333  25.16666667]]

T Loss: 0.43890156149864196

T Loss(reg): 0.8206598043441773

V Loss: 0.5510082165400187

l1_neurons = 128
l2_neurons = 0
l3_neurons = 0
dp0 = 0
dp1 = 0.05
dp2 = 0
dp3 = 0
lr = 0.0007
wd = 1e-06
lambda1_dim1 = 0.0003
lambda2_dim1 = 0.05
lambda1_dim2 = 0.0008
lambda2_dim2 = 0.05
