2020-04-09 23:57:50.517632
Model name: diabnet/models/model-sp-soft-label-negatives-1000-nodropout-bn-decay-085.pth

Confusion matrix:
[[87. 44.]
 [35. 14.]]

T Loss: 0.3725917100906372

T Loss(reg): 0.7317372798919678

V Loss: 1.0796536604563396

l1_neurons = 128
l2_neurons = 0
l3_neurons = 0
dp0 = 0
dp1 = 0.0
dp2 = 0
dp3 = 0
lr = 0.0007
wd = 1e-06
lambda1_dim1 = 0.0003
lambda2_dim1 = 0.05
lambda1_dim2 = 0.0008
lambda2_dim2 = 0.05
