2020-04-09 23:47:24.209931
Model name: diabnet/models/model-sp-soft-label-negatives-1000-nodropout-bn-decay-082.pth

Confusion matrix:
[[94. 47.]
 [24. 15.]]

T Loss: 0.33319557905197145

T Loss(reg): 0.6935821652412415

V Loss: 0.9521113832791647

l1_neurons = 128
l2_neurons = 0
l3_neurons = 0
dp0 = 0
dp1 = 0.0
dp2 = 0
dp3 = 0
lr = 0.0007
wd = 1e-06
lambda1_dim1 = 0.0003
lambda2_dim1 = 0.05
lambda1_dim2 = 0.0008
lambda2_dim2 = 0.05
