2020-03-31 19:05:28.076793
Model name: diabnet/models/model-sp-soft-label-negatives-1000-dropout005-decay-079.pth'

Confusion matrix:
[[105.36666667  31.63333333]
 [ 31.2         11.8       ]]

T Loss: 0.43634000420570374

T Loss(reg): 0.7420837879180908

V Loss: 0.8066138711240557

l1_neurons = 128
l2_neurons = 0
l3_neurons = 0
dp0 = 0
dp1 = 0.05
dp2 = 0
dp3 = 0
lr = 0.0007
wd = 1e-06
lambda1_dim1 = 0.0003
lambda2_dim1 = 0.05
lambda1_dim2 = 0.0008
lambda2_dim2 = 0.05
