2020-03-31 14:07:10.394527
Model name: diabnet/models/model-sp-soft-label-negatives-1000-dropout005-decay-030.pth'

Confusion matrix:
[[117.93333333  27.06666667]
 [ 28.5          6.5       ]]

T Loss: 0.5154024362564087

T Loss(reg): 0.800637173652649

V Loss: 0.7129496196905772

l1_neurons = 128
l2_neurons = 0
l3_neurons = 0
dp0 = 0
dp1 = 0.05
dp2 = 0
dp3 = 0
lr = 0.0007
wd = 1e-06
lambda1_dim1 = 0.0003
lambda2_dim1 = 0.05
lambda1_dim2 = 0.0008
lambda2_dim2 = 0.05
