2020-03-31 19:58:38.501929
Model name: diabnet/models/model-sp-soft-label-negatives-1000-dropout005-decay-088.pth'

Confusion matrix:
[[113.83333333  35.16666667]
 [ 22.           9.        ]]

T Loss: 0.47356855869293213

T Loss(reg): 0.7657025575637817

V Loss: 0.7736819353368547

l1_neurons = 128
l2_neurons = 0
l3_neurons = 0
dp0 = 0
dp1 = 0.05
dp2 = 0
dp3 = 0
lr = 0.0007
wd = 1e-06
lambda1_dim1 = 0.0003
lambda2_dim1 = 0.05
lambda1_dim2 = 0.0008
lambda2_dim2 = 0.05
