2020-04-27 23:04:10.360704
Model name: diabnet/models/model-32-sp-soft-label-positives-1000-dropout0-05-bn-decay-flood-064.pth

Confusion matrix:
[[123.  23.]
 [  9.  25.]]

T Loss: 0.46557856202125547

T Loss(reg): 0.8230929732322693

V Loss: 0.5643647511800131

l1_neurons = 32
l2_neurons = 0
l3_neurons = 0
dp0 = 0.5
dp1 = 0.0
dp2 = 0
dp3 = 0
lr = 0.0007
wd = 1e-06
lambda1_dim1 = 0.0003
lambda2_dim1 = 0.05
lambda1_dim2 = 0.0008
lambda2_dim2 = 0.05
