2020-03-31 15:52:36.809030
Model name: diabnet/models/model-sp-soft-label-negatives-1000-dropout005-decay-055.pth'

Confusion matrix:
[[115.6         35.4       ]
 [ 17.93333333  11.06666667]]

T Loss: 0.4880228638648987

T Loss(reg): 0.7864268064498902

V Loss: 0.7305844446023305

l1_neurons = 128
l2_neurons = 0
l3_neurons = 0
dp0 = 0
dp1 = 0.05
dp2 = 0
dp3 = 0
lr = 0.0007
wd = 1e-06
lambda1_dim1 = 0.0003
lambda2_dim1 = 0.05
lambda1_dim2 = 0.0008
lambda2_dim2 = 0.05
