2020-04-09 16:23:45.546375
Model name: diabnet/models/model-sp-soft-label-positives-1000-nodropout-bn-decay-079.pth

Confusion matrix:
[[127.   8.]
 [  9.  36.]]

T Loss: 0.42991205453872683

T Loss(reg): 0.8349084973335266

V Loss: 0.5208472112814585

l1_neurons = 128
l2_neurons = 0
l3_neurons = 0
dp0 = 0
dp1 = 0.0
dp2 = 0
dp3 = 0
lr = 0.0007
wd = 1e-06
lambda1_dim1 = 0.0003
lambda2_dim1 = 0.05
lambda1_dim2 = 0.0008
lambda2_dim2 = 0.05
