2020-04-28 13:46:43.529111
Model name: diabnet/models/model-32-sp-soft-label-negatives-1000-dropout0-05-bn-decay-flood-075.pth

Confusion matrix:
[[119.  19.]
 [ 40.   2.]]

T Loss: 0.5785270094871521

T Loss(reg): 0.8583735346794128

V Loss: 0.7403354446093241

l1_neurons = 32
l2_neurons = 0
l3_neurons = 0
dp0 = 0.5
dp1 = 0.0
dp2 = 0
dp3 = 0
lr = 0.0007
wd = 1e-06
lambda1_dim1 = 0.0003
lambda2_dim1 = 0.05
lambda1_dim2 = 0.0008
lambda2_dim2 = 0.05
