2020-03-16 17:25:35.397423
Model name: diabnet/models/model-sp-soft-label-positives-1000-nodropout-decay-039.pth'

Confusion matrix:
[[114.  18.]
 [ 11.  37.]]

T Loss: 0.44412649273872373

T Loss(reg): 0.8416444897651673

V Loss: 0.5562403003374735

l1_neurons = 128
l2_neurons = 0
l3_neurons = 0
dp0 = 0
dp1 = 0.0
dp2 = 0
dp3 = 0
lr = 0.0007
wd = 1e-06
lambda1_dim1 = 0.0003
lambda2_dim1 = 0.05
lambda1_dim2 = 0.0008
lambda2_dim2 = 0.05
