2020-04-30 12:30:17.118438
Model name: diabnet/models/model-32-sp-soft-label-randomized_1_positives-1000-dropout0-05-bn-decay-flood-018.pth

Confusion matrix:
[[113.  27.]
 [ 25.  15.]]

T Loss: 0.5204749464988708

T Loss(reg): 0.8791831970214844

V Loss: 0.6986215313275655

l1_neurons = 32
l2_neurons = 0
l3_neurons = 0
dp0 = 0.5
dp1 = 0.0
dp2 = 0
dp3 = 0
lr = 0.0007
wd = 1e-06
lambda1_dim1 = 0.0003
lambda2_dim1 = 0.05
lambda1_dim2 = 0.0008
lambda2_dim2 = 0.05
