2020-09-15 17:07:24.181890
Model name: diabnet/models/model-6-soft-label-age-random-1000-dropout0-bn-decay-flood-hyperopt-ax-batch256-adamw-lc1-20200915-099.pth

Accuracy: 0.7166666666666667

Balanced Accuracy: 0.47349888806523355

ECE: 0.12354985624551773

MCE: 0.7748425006866455

AUC-ROC: 0.5348406226834692

AVG-PREC: 0.2158189042411613

Confusion matrix:
[[127  15]
 [ 36   2]]

T Loss: 0.4731871954032353

T Loss(reg): 0.4745219818183354

V Loss: 0.6457099318504333

hidden_neurons = 6
dropout = 0.08658128211832698
lr = 0.002530315363231387
eps = 1.6516808099564973e-07
wd = 7.141119204788848e-05
lambda1_dim1 = 1.669665721023354e-06
lambda2_dim1 = 6.368583640194637e-07
lambda1_dim2 = 2.0342028053277926e-08
lambda2_dim2 = 2.0678941459740793e-11
flood_penalty = 0.18613187374510126
soft_label_alpha = 0.10348253777080188
sched-steps = 22
sched-gamma = 0.6213666892994011
beta1 = 0.9
beta2 = 0.999
batch_size = 256
