2020-03-06 18:54:35.738787
Model name: diabnet/models/model-sp-soft-label-positives-1000-decay-031.pth'

Confusion matrix:
[[115.7         20.3       ]
 [ 14.96666667  29.03333333]]

T Loss: 0.4496005713939667

T Loss(reg): 0.8055531144142151

V Loss: 0.5568903310431375

l1_neurons = 256
l2_neurons = 0
l3_neurons = 0
dp0 = 0
dp1 = 0.5
dp2 = 0
dp3 = 0
lr = 0.0007
wd = 1e-06
lambda1_dim1 = 0.0003
lambda2_dim1 = 0.05
lambda1_dim2 = 0.0008
lambda2_dim2 = 0.05
