2020-04-15 20:37:04.907896
Model name: diabnet/models/model-32-sp-soft-label-positives-1000-dropout0-05-bn-decay-086.pth

Confusion matrix:
[[120.  16.]
 [ 12.  32.]]

T Loss: 0.467834061384201

T Loss(reg): 0.8181278705596924

V Loss: 0.5459698637326559

l1_neurons = 32
l2_neurons = 0
l3_neurons = 0
dp0 = 0.5
dp1 = 0.0
dp2 = 0
dp3 = 0
lr = 0.0007
wd = 1e-06
lambda1_dim1 = 0.0003
lambda2_dim1 = 0.05
lambda1_dim2 = 0.0008
lambda2_dim2 = 0.05
