2020-09-15 17:52:33.820675
Model name: diabnet/models/model-6-soft-label-age-randomized_positives-1000-dropout0-bn-decay-flood-hyperopt-ax-batch256-adamw-lc1-20200915-015.pth

Accuracy: 0.7222222222222222

Balanced Accuracy: 0.5712685970244761

ECE: 0.15148982405662537

MCE: 0.31175997853279114

AUC-ROC: 0.659894416893297

AVG-PREC: 0.4346318621366605

Confusion matrix:
[[118  15]
 [ 35  12]]

T Loss: 0.33958453791482107

T Loss(reg): 0.3409297253404345

V Loss: 0.6874122619628906

hidden_neurons = 6
dropout = 0.08658128211832698
lr = 0.002530315363231387
eps = 1.6516808099564973e-07
wd = 7.141119204788848e-05
lambda1_dim1 = 1.669665721023354e-06
lambda2_dim1 = 6.368583640194637e-07
lambda1_dim2 = 2.0342028053277926e-08
lambda2_dim2 = 2.0678941459740793e-11
flood_penalty = 0.18613187374510126
soft_label_alpha = 0.10348253777080188
sched-steps = 22
sched-gamma = 0.6213666892994011
beta1 = 0.9
beta2 = 0.999
batch_size = 256
