2020-04-09 17:14:46.473286
Model name: diabnet/models/model-sp-soft-label-positives-1000-nodropout-bn-decay-094.pth

Confusion matrix:
[[120.  17.]
 [ 10.  33.]]

T Loss: 0.42795111536979674

T Loss(reg): 0.8394045352935791

V Loss: 0.5564131935437521

l1_neurons = 128
l2_neurons = 0
l3_neurons = 0
dp0 = 0
dp1 = 0.0
dp2 = 0
dp3 = 0
lr = 0.0007
wd = 1e-06
lambda1_dim1 = 0.0003
lambda2_dim1 = 0.05
lambda1_dim2 = 0.0008
lambda2_dim2 = 0.05
