2020-04-07 19:15:51.544940
Model name: diabnet/models/model-sp-soft-label-negative-1000-nodropout-decay-095.pth

Confusion matrix:
[[113.  26.]
 [ 35.   6.]]

T Loss: 0.5519053697586059

T Loss(reg): 0.8448308825492858

V Loss: 0.7459932168324789

l1_neurons = 128
l2_neurons = 0
l3_neurons = 0
dp0 = 0
dp1 = 0.0
dp2 = 0
dp3 = 0
lr = 0.0007
wd = 1e-06
lambda1_dim1 = 0.0003
lambda2_dim1 = 0.05
lambda1_dim2 = 0.0008
lambda2_dim2 = 0.05
