2020-04-07 18:16:32.593222
Model name: diabnet/models/model-sp-soft-label-negative-1000-nodropout-decay-087.pth

Confusion matrix:
[[110.  35.]
 [ 23.  12.]]

T Loss: 0.4818522214889526

T Loss(reg): 0.7939326882362365

V Loss: 0.7302039662996928

l1_neurons = 128
l2_neurons = 0
l3_neurons = 0
dp0 = 0
dp1 = 0.0
dp2 = 0
dp3 = 0
lr = 0.0007
wd = 1e-06
lambda1_dim1 = 0.0003
lambda2_dim1 = 0.05
lambda1_dim2 = 0.0008
lambda2_dim2 = 0.05
