2020-03-06 17:15:56.723043
Model name: diabnet/models/model-sp-soft-label-positives-1000-decay-003.pth'

Confusion matrix:
[[131.6  11.4]
 [  9.5  27.5]]

T Loss: 0.45752723813056945

T Loss(reg): 0.8091043353080749

V Loss: 0.5111909601423476

l1_neurons = 256
l2_neurons = 0
l3_neurons = 0
dp0 = 0
dp1 = 0.5
dp2 = 0
dp3 = 0
lr = 0.0007
wd = 1e-06
lambda1_dim1 = 0.0003
lambda2_dim1 = 0.05
lambda1_dim2 = 0.0008
lambda2_dim2 = 0.05
