2020-04-03 20:20:26.018750
Model name: diabnet/models/model-sp-soft-label-random-1000-dropout005-decay-098.pth

Confusion matrix:
[[108.46666667  25.53333333]
 [ 39.36666667   6.63333333]]

T Loss: 0.50916428565979

T Loss(reg): 0.8123821258544922

V Loss: 0.8230540812015533

l1_neurons = 128
l2_neurons = 0
l3_neurons = 0
dp0 = 0
dp1 = 0.05
dp2 = 0
dp3 = 0
lr = 0.0007
wd = 1e-06
lambda1_dim1 = 0.0003
lambda2_dim1 = 0.05
lambda1_dim2 = 0.0008
lambda2_dim2 = 0.05
