2020-04-09 13:13:11.496700
Model name: diabnet/models/model-sp-soft-label-positives-1000-nodropout-bn-decay-023.pth

Confusion matrix:
[[127.  12.]
 [ 15.  26.]]

T Loss: 0.4388020396232605

T Loss(reg): 0.8436519622802734

V Loss: 0.555508037408193

l1_neurons = 128
l2_neurons = 0
l3_neurons = 0
dp0 = 0
dp1 = 0.0
dp2 = 0
dp3 = 0
lr = 0.0007
wd = 1e-06
lambda1_dim1 = 0.0003
lambda2_dim1 = 0.05
lambda1_dim2 = 0.0008
lambda2_dim2 = 0.05
