2020-04-06 18:04:14.844717
Model name: diabnet/models/model-sp-soft-label-random-1000-nodropout-decay-059.pth

Confusion matrix:
[[97. 39.]
 [33. 11.]]

T Loss: 0.4758851587772369

T Loss(reg): 0.7838140487670898

V Loss: 0.8053149382273356

l1_neurons = 128
l2_neurons = 0
l3_neurons = 0
dp0 = 0
dp1 = 0.0
dp2 = 0
dp3 = 0
lr = 0.0007
wd = 1e-06
lambda1_dim1 = 0.0003
lambda2_dim1 = 0.05
lambda1_dim2 = 0.0008
lambda2_dim2 = 0.05
