2020-09-15 17:25:56.556116
Model name: diabnet/models/model-6-soft-label-age-negatives-1000-dropout0-bn-decay-flood-hyperopt-ax-batch256-adamw-lc1-20200915-047.pth

Accuracy: 0.7166666666666667

Balanced Accuracy: 0.5216827279466271

ECE: 0.09337114542722702

MCE: 0.8950749635696411

AUC-ROC: 0.6742031134173463

AVG-PREC: 0.29390033983791497

Confusion matrix:
[[122  20]
 [ 31   7]]

T Loss: 0.43352832964488436

T Loss(reg): 0.4349041836602347

V Loss: 0.6097819805145264

hidden_neurons = 6
dropout = 0.08658128211832698
lr = 0.002530315363231387
eps = 1.6516808099564973e-07
wd = 7.141119204788848e-05
lambda1_dim1 = 1.669665721023354e-06
lambda2_dim1 = 6.368583640194637e-07
lambda1_dim2 = 2.0342028053277926e-08
lambda2_dim2 = 2.0678941459740793e-11
flood_penalty = 0.18613187374510126
soft_label_alpha = 0.10348253777080188
sched-steps = 22
sched-gamma = 0.6213666892994011
beta1 = 0.9
beta2 = 0.999
batch_size = 256
