2020-04-29 14:10:14.522816
Model name: diabnet/models/model-32-sp-soft-label-randomized_positives-1000-dropout0-05-bn-decay-flood-059.pth

Confusion matrix:
[[110.  28.]
 [ 24.  18.]]

T Loss: 0.5244286298751831

T Loss(reg): 0.8834502339363098

V Loss: 0.6980898976325989

l1_neurons = 32
l2_neurons = 0
l3_neurons = 0
dp0 = 0.5
dp1 = 0.0
dp2 = 0
dp3 = 0
lr = 0.0007
wd = 1e-06
lambda1_dim1 = 0.0003
lambda2_dim1 = 0.05
lambda1_dim2 = 0.0008
lambda2_dim2 = 0.05
