2020-04-09 21:52:29.552056
Model name: diabnet/models/model-sp-soft-label-negatives-1000-nodropout-bn-decay-049.pth

Confusion matrix:
[[90. 43.]
 [35. 12.]]

T Loss: 0.34700787663459776

T Loss(reg): 0.7058335423469544

V Loss: 1.0829238096872966

l1_neurons = 128
l2_neurons = 0
l3_neurons = 0
dp0 = 0
dp1 = 0.0
dp2 = 0
dp3 = 0
lr = 0.0007
wd = 1e-06
lambda1_dim1 = 0.0003
lambda2_dim1 = 0.05
lambda1_dim2 = 0.0008
lambda2_dim2 = 0.05
