2020-04-06 16:54:10.934845
Model name: diabnet/models/model-sp-soft-label-random-1000-nodropout-decay-049.pth

Confusion matrix:
[[116.  24.]
 [ 31.   9.]]

T Loss: 0.4809258282184601

T Loss(reg): 0.79292813539505

V Loss: 0.7598903973897299

l1_neurons = 128
l2_neurons = 0
l3_neurons = 0
dp0 = 0
dp1 = 0.0
dp2 = 0
dp3 = 0
lr = 0.0007
wd = 1e-06
lambda1_dim1 = 0.0003
lambda2_dim1 = 0.05
lambda1_dim2 = 0.0008
lambda2_dim2 = 0.05
