2020-03-24 14:48:19.970960
Model name: diabnet/models/model-sp-soft-label-positives-1000-dropout005-decay-019.pth'

Confusion matrix:
[[121.23333333  18.76666667]
 [ 10.8         29.2       ]]

T Loss: 0.4489190936088562

T Loss(reg): 0.8233278751373291

V Loss: 0.5573831697305044

l1_neurons = 128
l2_neurons = 0
l3_neurons = 0
dp0 = 0
dp1 = 0.05
dp2 = 0
dp3 = 0
lr = 0.0007
wd = 1e-06
lambda1_dim1 = 0.0003
lambda2_dim1 = 0.05
lambda1_dim2 = 0.0008
lambda2_dim2 = 0.05
