2020-04-07 19:30:41.005413
Model name: diabnet/models/model-sp-soft-label-negative-1000-nodropout-decay-097.pth

Confusion matrix:
[[87. 41.]
 [43.  9.]]

T Loss: 0.4781407296657562

T Loss(reg): 0.7787542104721069

V Loss: 0.8494745492935181

l1_neurons = 128
l2_neurons = 0
l3_neurons = 0
dp0 = 0
dp1 = 0.0
dp2 = 0
dp3 = 0
lr = 0.0007
wd = 1e-06
lambda1_dim1 = 0.0003
lambda2_dim1 = 0.05
lambda1_dim2 = 0.0008
lambda2_dim2 = 0.05
