2020-03-06 21:44:19.645855
Model name: diabnet/models/model-sp-soft-label-positives-1000-decay-081.pth'

Confusion matrix:
[[125.2  13.8]
 [ 15.   26. ]]

T Loss: 0.45450136065483093

T Loss(reg): 0.7878121852874755

V Loss: 0.5519365926583608

l1_neurons = 256
l2_neurons = 0
l3_neurons = 0
dp0 = 0
dp1 = 0.5
dp2 = 0
dp3 = 0
lr = 0.0007
wd = 1e-06
lambda1_dim1 = 0.0003
lambda2_dim1 = 0.05
lambda1_dim2 = 0.0008
lambda2_dim2 = 0.05
