2020-04-03 20:13:34.044749
Model name: diabnet/models/model-sp-soft-label-random-1000-dropout005-decay-096.pth

Confusion matrix:
[[111.33333333  24.66666667]
 [ 40.33333333   3.66666667]]

T Loss: 0.5246978044509888

T Loss(reg): 0.8135796427726746

V Loss: 0.7926298121611277

l1_neurons = 128
l2_neurons = 0
l3_neurons = 0
dp0 = 0
dp1 = 0.05
dp2 = 0
dp3 = 0
lr = 0.0007
wd = 1e-06
lambda1_dim1 = 0.0003
lambda2_dim1 = 0.05
lambda1_dim2 = 0.0008
lambda2_dim2 = 0.05
