2020-04-09 15:12:19.911276
Model name: diabnet/models/model-sp-soft-label-positives-1000-nodropout-bn-decay-058.pth

Confusion matrix:
[[103.  28.]
 [  9.  40.]]

T Loss: 0.4235932409763336

T Loss(reg): 0.8324396014213562

V Loss: 0.5240147312482198

l1_neurons = 128
l2_neurons = 0
l3_neurons = 0
dp0 = 0
dp1 = 0.0
dp2 = 0
dp3 = 0
lr = 0.0007
wd = 1e-06
lambda1_dim1 = 0.0003
lambda2_dim1 = 0.05
lambda1_dim2 = 0.0008
lambda2_dim2 = 0.05
