2020-03-31 13:00:16.228733
Model name: diabnet/models/model-sp-soft-label-negatives-1000-dropout005-decay-010.pth'

Confusion matrix:
[[106.03333333  33.96666667]
 [ 32.33333333   7.66666667]]

T Loss: 0.4575601577758789

T Loss(reg): 0.7667051315307617

V Loss: 0.8038590013980865

l1_neurons = 128
l2_neurons = 0
l3_neurons = 0
dp0 = 0
dp1 = 0.05
dp2 = 0
dp3 = 0
lr = 0.0007
wd = 1e-06
lambda1_dim1 = 0.0003
lambda2_dim1 = 0.05
lambda1_dim2 = 0.0008
lambda2_dim2 = 0.05
