2020-04-14 10:56:26.313842
Model name: diabnet/models/model-sp-soft-label-negatives-1000-dropout0-05-bn-decay-006.pth

Confusion matrix:
[[97. 44.]
 [29. 10.]]

T Loss: 0.3973137438297272

T Loss(reg): 0.7224978923797607

V Loss: 0.970052977403005

l1_neurons = 128
l2_neurons = 0
l3_neurons = 0
dp0 = 0.5
dp1 = 0.0
dp2 = 0
dp3 = 0
lr = 0.0007
wd = 1e-06
lambda1_dim1 = 0.0003
lambda2_dim1 = 0.05
lambda1_dim2 = 0.0008
lambda2_dim2 = 0.05
