2020-03-31 15:12:51.149398
Model name: diabnet/models/model-sp-soft-label-negatives-1000-dropout005-decay-047.pth'

Confusion matrix:
[[112.13333333  28.86666667]
 [ 31.2          7.8       ]]

T Loss: 0.49111377596855166

T Loss(reg): 0.7843898177146912

V Loss: 0.812789362668991

l1_neurons = 128
l2_neurons = 0
l3_neurons = 0
dp0 = 0
dp1 = 0.05
dp2 = 0
dp3 = 0
lr = 0.0007
wd = 1e-06
lambda1_dim1 = 0.0003
lambda2_dim1 = 0.05
lambda1_dim2 = 0.0008
lambda2_dim2 = 0.05
