2020-04-14 14:47:09.156713
Model name: diabnet/models/model-sp-soft-label-negatives-1000-dropout0-05-bn-decay-072.pth

Confusion matrix:
[[114.  27.]
 [ 32.   7.]]

T Loss: 0.4957064867019653

T Loss(reg): 0.7943760514259338

V Loss: 0.8001056512196859

l1_neurons = 128
l2_neurons = 0
l3_neurons = 0
dp0 = 0.5
dp1 = 0.0
dp2 = 0
dp3 = 0
lr = 0.0007
wd = 1e-06
lambda1_dim1 = 0.0003
lambda2_dim1 = 0.05
lambda1_dim2 = 0.0008
lambda2_dim2 = 0.05
