2020-03-06 18:03:06.879626
Model name: diabnet/models/model-sp-soft-label-positives-1000-decay-016.pth'

Confusion matrix:
[[122.56666667  14.43333333]
 [ 12.23333333  30.76666667]]

T Loss: 0.46097328662872317

T Loss(reg): 0.783334219455719

V Loss: 0.5299949318170547

l1_neurons = 256
l2_neurons = 0
l3_neurons = 0
dp0 = 0
dp1 = 0.5
dp2 = 0
dp3 = 0
lr = 0.0007
wd = 1e-06
lambda1_dim1 = 0.0003
lambda2_dim1 = 0.05
lambda1_dim2 = 0.0008
lambda2_dim2 = 0.05
