2020-04-03 19:42:48.806538
Model name: diabnet/models/model-sp-soft-label-random-1000-dropout005-decay-087.pth

Confusion matrix:
[[106.93333333  33.06666667]
 [ 36.5          3.5       ]]

T Loss: 0.513851934671402

T Loss(reg): 0.7947890281677246

V Loss: 0.8162798047065735

l1_neurons = 128
l2_neurons = 0
l3_neurons = 0
dp0 = 0
dp1 = 0.05
dp2 = 0
dp3 = 0
lr = 0.0007
wd = 1e-06
lambda1_dim1 = 0.0003
lambda2_dim1 = 0.05
lambda1_dim2 = 0.0008
lambda2_dim2 = 0.05
