2020-09-15 18:09:26.152541
Model name: diabnet/models/model-6-soft-label-age-randomized_positives-1000-dropout0-bn-decay-flood-hyperopt-ax-batch256-adamw-lc1-20200915-058.pth

Accuracy: 0.7277777777777777

Balanced Accuracy: 0.5982800982800983

ECE: 0.1452539712190628

MCE: 0.6035113334655762

AUC-ROC: 0.6832356832356833

AVG-PREC: 0.3608861891575008

Confusion matrix:
[[117  26]
 [ 23  14]]

T Loss: 0.36029242617743357

T Loss(reg): 0.3616552267755781

V Loss: 0.6571159362792969

hidden_neurons = 6
dropout = 0.08658128211832698
lr = 0.002530315363231387
eps = 1.6516808099564973e-07
wd = 7.141119204788848e-05
lambda1_dim1 = 1.669665721023354e-06
lambda2_dim1 = 6.368583640194637e-07
lambda1_dim2 = 2.0342028053277926e-08
lambda2_dim2 = 2.0678941459740793e-11
flood_penalty = 0.18613187374510126
soft_label_alpha = 0.10348253777080188
sched-steps = 22
sched-gamma = 0.6213666892994011
beta1 = 0.9
beta2 = 0.999
batch_size = 256
