2020-03-31 20:45:55.963507
Model name: diabnet/models/model-sp-soft-label-negatives-1000-dropout005-decay-096.pth'

Confusion matrix:
[[122.06666667  17.93333333]
 [ 33.06666667   6.93333333]]

T Loss: 0.47456333637237547

T Loss(reg): 0.7902901887893676

V Loss: 0.7555313030878703

l1_neurons = 128
l2_neurons = 0
l3_neurons = 0
dp0 = 0
dp1 = 0.05
dp2 = 0
dp3 = 0
lr = 0.0007
wd = 1e-06
lambda1_dim1 = 0.0003
lambda2_dim1 = 0.05
lambda1_dim2 = 0.0008
lambda2_dim2 = 0.05
