2020-03-31 15:22:32.868852
Model name: diabnet/models/model-sp-soft-label-negatives-1000-dropout005-decay-049.pth'

Confusion matrix:
[[116.8         26.2       ]
 [ 27.26666667   9.73333333]]

T Loss: 0.4662387788295746

T Loss(reg): 0.7797608256340027

V Loss: 0.7436990294191572

l1_neurons = 128
l2_neurons = 0
l3_neurons = 0
dp0 = 0
dp1 = 0.05
dp2 = 0
dp3 = 0
lr = 0.0007
wd = 1e-06
lambda1_dim1 = 0.0003
lambda2_dim1 = 0.05
lambda1_dim2 = 0.0008
lambda2_dim2 = 0.05
