2020-04-09 13:02:56.397594
Model name: diabnet/models/model-sp-soft-label-positives-1000-nodropout-bn-decay-020.pth

Confusion matrix:
[[110.  21.]
 [  4.  45.]]

T Loss: 0.43460391759872435

T Loss(reg): 0.8405515551567078

V Loss: 0.5163716475168864

l1_neurons = 128
l2_neurons = 0
l3_neurons = 0
dp0 = 0
dp1 = 0.0
dp2 = 0
dp3 = 0
lr = 0.0007
wd = 1e-06
lambda1_dim1 = 0.0003
lambda2_dim1 = 0.05
lambda1_dim2 = 0.0008
lambda2_dim2 = 0.05
