2020-03-06 19:04:44.453346
Model name: diabnet/models/model-sp-soft-label-positives-1000-decay-034.pth'

Confusion matrix:
[[123.56666667  14.43333333]
 [ 13.53333333  28.46666667]]

T Loss: 0.4539385557174683

T Loss(reg): 0.782963752746582

V Loss: 0.5458956327703264

l1_neurons = 256
l2_neurons = 0
l3_neurons = 0
dp0 = 0
dp1 = 0.5
dp2 = 0
dp3 = 0
lr = 0.0007
wd = 1e-06
lambda1_dim1 = 0.0003
lambda2_dim1 = 0.05
lambda1_dim2 = 0.0008
lambda2_dim2 = 0.05
