2020-04-03 16:01:28.799263
Model name: diabnet/models/model-sp-soft-label-random-1000-dropout005-decay-022.pth

Confusion matrix:
[[109.56666667  33.43333333]
 [ 28.4          8.6       ]]

T Loss: 0.4732731759548187

T Loss(reg): 0.7786311149597168

V Loss: 0.8175317618581984

l1_neurons = 128
l2_neurons = 0
l3_neurons = 0
dp0 = 0
dp1 = 0.05
dp2 = 0
dp3 = 0
lr = 0.0007
wd = 1e-06
lambda1_dim1 = 0.0003
lambda2_dim1 = 0.05
lambda1_dim2 = 0.0008
lambda2_dim2 = 0.05
