2020-04-14 10:49:27.831568
Model name: diabnet/models/model-sp-soft-label-negatives-1000-dropout0-05-bn-decay-004.pth

Confusion matrix:
[[97. 36.]
 [40.  7.]]

T Loss: 0.46009201407432554

T Loss(reg): 0.7852824807167054

V Loss: 0.8404815594355265

l1_neurons = 128
l2_neurons = 0
l3_neurons = 0
dp0 = 0.5
dp1 = 0.0
dp2 = 0
dp3 = 0
lr = 0.0007
wd = 1e-06
lambda1_dim1 = 0.0003
lambda2_dim1 = 0.05
lambda1_dim2 = 0.0008
lambda2_dim2 = 0.05
