2020-03-31 14:30:50.550823
Model name: diabnet/models/model-sp-soft-label-negatives-1000-dropout005-decay-037.pth'

Confusion matrix:
[[106.36666667  37.63333333]
 [ 30.4          5.6       ]]

T Loss: 0.4970086932182312

T Loss(reg): 0.803472900390625

V Loss: 0.8122823139031728

l1_neurons = 128
l2_neurons = 0
l3_neurons = 0
dp0 = 0
dp1 = 0.05
dp2 = 0
dp3 = 0
lr = 0.0007
wd = 1e-06
lambda1_dim1 = 0.0003
lambda2_dim1 = 0.05
lambda1_dim2 = 0.0008
lambda2_dim2 = 0.05
