2020-04-06 17:29:13.487008
Model name: diabnet/models/model-sp-soft-label-random-1000-nodropout-decay-054.pth

Confusion matrix:
[[114.  27.]
 [ 33.   6.]]

T Loss: 0.5368853211402893

T Loss(reg): 0.8412306785583497

V Loss: 0.7363182306289673

l1_neurons = 128
l2_neurons = 0
l3_neurons = 0
dp0 = 0
dp1 = 0.0
dp2 = 0
dp3 = 0
lr = 0.0007
wd = 1e-06
lambda1_dim1 = 0.0003
lambda2_dim1 = 0.05
lambda1_dim2 = 0.0008
lambda2_dim2 = 0.05
