2020-04-06 13:03:25.960953
Model name: diabnet/models/model-sp-soft-label-random-1000-nodropout-decay-016.pth

Confusion matrix:
[[107.  40.]
 [ 25.   8.]]

T Loss: 0.45742729902267454

T Loss(reg): 0.7770082473754882

V Loss: 0.7962121367454529

l1_neurons = 128
l2_neurons = 0
l3_neurons = 0
dp0 = 0
dp1 = 0.0
dp2 = 0
dp3 = 0
lr = 0.0007
wd = 1e-06
lambda1_dim1 = 0.0003
lambda2_dim1 = 0.05
lambda1_dim2 = 0.0008
lambda2_dim2 = 0.05
