2020-04-07 09:52:25.702062
Model name: diabnet/models/model-sp-soft-label-negative-1000-nodropout-decay-019.pth

Confusion matrix:
[[108.  38.]
 [ 30.   4.]]

T Loss: 0.46658209562301634

T Loss(reg): 0.7856801867485046

V Loss: 0.8948552409807841

l1_neurons = 128
l2_neurons = 0
l3_neurons = 0
dp0 = 0
dp1 = 0.0
dp2 = 0
dp3 = 0
lr = 0.0007
wd = 1e-06
lambda1_dim1 = 0.0003
lambda2_dim1 = 0.05
lambda1_dim2 = 0.0008
lambda2_dim2 = 0.05
