2020-04-13 15:47:54.258691
Model name: diabnet/models/model-sp-soft-label-positives-1000-dropout0-05-bn-decay-088.pth

Confusion matrix:
[[123.  15.]
 [  9.  33.]]

T Loss: 0.452822345495224

T Loss(reg): 0.8365688562393189

V Loss: 0.5183658401171366

l1_neurons = 128
l2_neurons = 0
l3_neurons = 0
dp0 = 0.5
dp1 = 0.0
dp2 = 0
dp3 = 0
lr = 0.0007
wd = 1e-06
lambda1_dim1 = 0.0003
lambda2_dim1 = 0.05
lambda1_dim2 = 0.0008
lambda2_dim2 = 0.05
