2020-03-24 18:21:55.228757
Model name: diabnet/models/model-sp-soft-label-positives-1000-dropout005-decay-083.pth'

Confusion matrix:
[[122.8  12.2]
 [ 15.6  29.4]]

T Loss: 0.448100620508194

T Loss(reg): 0.8080803871154785

V Loss: 0.5469591624206966

l1_neurons = 128
l2_neurons = 0
l3_neurons = 0
dp0 = 0
dp1 = 0.05
dp2 = 0
dp3 = 0
lr = 0.0007
wd = 1e-06
lambda1_dim1 = 0.0003
lambda2_dim1 = 0.05
lambda1_dim2 = 0.0008
lambda2_dim2 = 0.05
