2020-03-24 18:59:04.631771
Model name: diabnet/models/model-sp-soft-label-positives-1000-dropout005-decay-094.pth'

Confusion matrix:
[[123.33333333  16.66666667]
 [  9.7         30.3       ]]

T Loss: 0.44724910855293276

T Loss(reg): 0.8176685690879821

V Loss: 0.559453640712632

l1_neurons = 128
l2_neurons = 0
l3_neurons = 0
dp0 = 0
dp1 = 0.05
dp2 = 0
dp3 = 0
lr = 0.0007
wd = 1e-06
lambda1_dim1 = 0.0003
lambda2_dim1 = 0.05
lambda1_dim2 = 0.0008
lambda2_dim2 = 0.05
