2020-04-13 17:09:22.023217
Model name: diabnet/models/model-sp-soft-label-random-1000-dropout0-05-bn-decay-006.pth

Confusion matrix:
[[108.  36.]
 [ 31.   5.]]

T Loss: 0.4623785138130188

T Loss(reg): 0.7717933177947998

V Loss: 0.8223578929901123

l1_neurons = 128
l2_neurons = 0
l3_neurons = 0
dp0 = 0.5
dp1 = 0.0
dp2 = 0
dp3 = 0
lr = 0.0007
wd = 1e-06
lambda1_dim1 = 0.0003
lambda2_dim1 = 0.05
lambda1_dim2 = 0.0008
lambda2_dim2 = 0.05
