2020-03-06 20:15:59.259444
Model name: diabnet/models/model-sp-soft-label-positives-1000-decay-055.pth'

Confusion matrix:
[[127.33333333   9.66666667]
 [ 16.66666667  26.33333333]]

T Loss: 0.453859281539917

T Loss(reg): 0.7845039367675781

V Loss: 0.538978530632125

l1_neurons = 256
l2_neurons = 0
l3_neurons = 0
dp0 = 0
dp1 = 0.5
dp2 = 0
dp3 = 0
lr = 0.0007
wd = 1e-06
lambda1_dim1 = 0.0003
lambda2_dim1 = 0.05
lambda1_dim2 = 0.0008
lambda2_dim2 = 0.05
