2020-04-13 21:50:50.380934
Model name: diabnet/models/model-sp-soft-label-random-1000-dropout0-05-bn-decay-085.pth

Confusion matrix:
[[107.  27.]
 [ 37.   9.]]

T Loss: 0.4556858718395233

T Loss(reg): 0.7621529698371887

V Loss: 0.8332570393880209

l1_neurons = 128
l2_neurons = 0
l3_neurons = 0
dp0 = 0.5
dp1 = 0.0
dp2 = 0
dp3 = 0
lr = 0.0007
wd = 1e-06
lambda1_dim1 = 0.0003
lambda2_dim1 = 0.05
lambda1_dim2 = 0.0008
lambda2_dim2 = 0.05
