2020-04-13 11:42:11.336922
Model name: diabnet/models/model-sp-soft-label-positives-1000-dropout0-05-bn-decay-017.pth

Confusion matrix:
[[120.  16.]
 [ 13.  31.]]

T Loss: 0.44327211380004883

T Loss(reg): 0.8279901385307312

V Loss: 0.5548186302185059

l1_neurons = 128
l2_neurons = 0
l3_neurons = 0
dp0 = 0.5
dp1 = 0.0
dp2 = 0
dp3 = 0
lr = 0.0007
wd = 1e-06
lambda1_dim1 = 0.0003
lambda2_dim1 = 0.05
lambda1_dim2 = 0.0008
lambda2_dim2 = 0.05
