2020-03-06 19:01:21.570922
Model name: diabnet/models/model-sp-soft-label-positives-1000-decay-033.pth'

Confusion matrix:
[[125.5         14.5       ]
 [ 11.46666667  28.53333333]]

T Loss: 0.4513104915618896

T Loss(reg): 0.7807685136795044

V Loss: 0.5495320989025964

l1_neurons = 256
l2_neurons = 0
l3_neurons = 0
dp0 = 0
dp1 = 0.5
dp2 = 0
dp3 = 0
lr = 0.0007
wd = 1e-06
lambda1_dim1 = 0.0003
lambda2_dim1 = 0.05
lambda1_dim2 = 0.0008
lambda2_dim2 = 0.05
