2020-09-15 16:01:03.616189
Model name: diabnet/models/model-6-soft-label-age-positives-1000-dropout0-bn-decay-flood-hyperopt-ax-batch256-adamw-lc1-20200915-029.pth

Accuracy: 0.9166666666666666

Balanced Accuracy: 0.8391047297297297

ECE: 0.052010856568813324

MCE: 0.3459479808807373

AUC-ROC: 0.9619932432432432

AVG-PREC: 0.8694978394519578

Confusion matrix:
[[142   6]
 [  9  23]]

T Loss: 0.33706625018801006

T Loss(reg): 0.3384232095309666

V Loss: 0.36103591322898865

hidden_neurons = 6
dropout = 0.08658128211832698
lr = 0.002530315363231387
eps = 1.6516808099564973e-07
wd = 7.141119204788848e-05
lambda1_dim1 = 1.669665721023354e-06
lambda2_dim1 = 6.368583640194637e-07
lambda1_dim2 = 2.0342028053277926e-08
lambda2_dim2 = 2.0678941459740793e-11
flood_penalty = 0.18613187374510126
soft_label_alpha = 0.10348253777080188
sched-steps = 22
sched-gamma = 0.6213666892994011
beta1 = 0.9
beta2 = 0.999
batch_size = 256
