2020-04-06 20:31:34.869292
Model name: diabnet/models/model-sp-soft-label-random-1000-nodropout-decay-082.pth

Confusion matrix:
[[110.  38.]
 [ 24.   8.]]

T Loss: 0.4616433322429657

T Loss(reg): 0.7778804540634155

V Loss: 0.8100313146909078

l1_neurons = 128
l2_neurons = 0
l3_neurons = 0
dp0 = 0
dp1 = 0.0
dp2 = 0
dp3 = 0
lr = 0.0007
wd = 1e-06
lambda1_dim1 = 0.0003
lambda2_dim1 = 0.05
lambda1_dim2 = 0.0008
lambda2_dim2 = 0.05
