2020-03-31 20:10:27.574653
Model name: diabnet/models/model-sp-soft-label-negatives-1000-dropout005-decay-090.pth'

Confusion matrix:
[[111.63333333  23.36666667]
 [ 37.86666667   7.13333333]]

T Loss: 0.5169458627700806

T Loss(reg): 0.7969596743583679

V Loss: 0.7658441629674699

l1_neurons = 128
l2_neurons = 0
l3_neurons = 0
dp0 = 0
dp1 = 0.05
dp2 = 0
dp3 = 0
lr = 0.0007
wd = 1e-06
lambda1_dim1 = 0.0003
lambda2_dim1 = 0.05
lambda1_dim2 = 0.0008
lambda2_dim2 = 0.05
