2020-04-15 18:35:07.702516
Model name: diabnet/models/model-32-sp-soft-label-positives-1000-dropout0-05-bn-decay-051.pth

Confusion matrix:
[[122.  19.]
 [ 11.  28.]]

T Loss: 0.46575437784194945

T Loss(reg): 0.8318258285522461

V Loss: 0.535606304804484

l1_neurons = 32
l2_neurons = 0
l3_neurons = 0
dp0 = 0.5
dp1 = 0.0
dp2 = 0
dp3 = 0
lr = 0.0007
wd = 1e-06
lambda1_dim1 = 0.0003
lambda2_dim1 = 0.05
lambda1_dim2 = 0.0008
lambda2_dim2 = 0.05
