2020-03-24 16:08:03.598178
Model name: diabnet/models/model-sp-soft-label-positives-1000-dropout005-decay-043.pth'

Confusion matrix:
[[125.66666667  16.33333333]
 [  9.83333333  28.16666667]]

T Loss: 0.4367493510246277

T Loss(reg): 0.8111194252967835

V Loss: 0.5506170408593284

l1_neurons = 128
l2_neurons = 0
l3_neurons = 0
dp0 = 0
dp1 = 0.05
dp2 = 0
dp3 = 0
lr = 0.0007
wd = 1e-06
lambda1_dim1 = 0.0003
lambda2_dim1 = 0.05
lambda1_dim2 = 0.0008
lambda2_dim2 = 0.05
