2020-09-15 16:19:56.031597
Model name: diabnet/models/model-6-soft-label-age-positives-1000-dropout0-bn-decay-flood-hyperopt-ax-batch256-adamw-lc1-20200915-077.pth

Accuracy: 0.9

Balanced Accuracy: 0.8289563827357844

ECE: 0.06494826078414917

MCE: 0.27723169326782227

AUC-ROC: 0.9447362411509477

AVG-PREC: 0.7995715043519894

Confusion matrix:
[[141  10]
 [  8  21]]

T Loss: 0.3246196636131832

T Loss(reg): 0.32598091449056354

V Loss: 0.38483691215515137

hidden_neurons = 6
dropout = 0.08658128211832698
lr = 0.002530315363231387
eps = 1.6516808099564973e-07
wd = 7.141119204788848e-05
lambda1_dim1 = 1.669665721023354e-06
lambda2_dim1 = 6.368583640194637e-07
lambda1_dim2 = 2.0342028053277926e-08
lambda2_dim2 = 2.0678941459740793e-11
flood_penalty = 0.18613187374510126
soft_label_alpha = 0.10348253777080188
sched-steps = 22
sched-gamma = 0.6213666892994011
beta1 = 0.9
beta2 = 0.999
batch_size = 256
