2020-04-28 01:00:11.572564
Model name: diabnet/models/model-32-sp-soft-label-positives-1000-dropout0-05-bn-decay-flood-097.pth

Confusion matrix:
[[116.  16.]
 [  7.  41.]]

T Loss: 0.4646347343921661

T Loss(reg): 0.8086487650871277

V Loss: 0.5214565992355347

l1_neurons = 32
l2_neurons = 0
l3_neurons = 0
dp0 = 0.5
dp1 = 0.0
dp2 = 0
dp3 = 0
lr = 0.0007
wd = 1e-06
lambda1_dim1 = 0.0003
lambda2_dim1 = 0.05
lambda1_dim2 = 0.0008
lambda2_dim2 = 0.05
