2020-04-09 13:33:36.437325
Model name: diabnet/models/model-sp-soft-label-positives-1000-nodropout-bn-decay-029.pth

Confusion matrix:
[[128.  15.]
 [ 11.  26.]]

T Loss: 0.4246449887752533

T Loss(reg): 0.8347947001457214

V Loss: 0.5501143932342529

l1_neurons = 128
l2_neurons = 0
l3_neurons = 0
dp0 = 0
dp1 = 0.0
dp2 = 0
dp3 = 0
lr = 0.0007
wd = 1e-06
lambda1_dim1 = 0.0003
lambda2_dim1 = 0.05
lambda1_dim2 = 0.0008
lambda2_dim2 = 0.05
