2020-04-03 19:08:35.000211
Model name: diabnet/models/model-sp-soft-label-random-1000-dropout005-decay-077.pth

Confusion matrix:
[[102.16666667  29.83333333]
 [ 37.63333333  10.36666667]]

T Loss: 0.49373272657394407

T Loss(reg): 0.7944646000862121

V Loss: 0.8538928197489845

l1_neurons = 128
l2_neurons = 0
l3_neurons = 0
dp0 = 0
dp1 = 0.05
dp2 = 0
dp3 = 0
lr = 0.0007
wd = 1e-06
lambda1_dim1 = 0.0003
lambda2_dim1 = 0.05
lambda1_dim2 = 0.0008
lambda2_dim2 = 0.05
