2020-03-24 18:52:16.734242
Model name: diabnet/models/model-sp-soft-label-positives-1000-dropout005-decay-092.pth'

Confusion matrix:
[[113.43333333  22.56666667]
 [ 13.6         30.4       ]]

T Loss: 0.44633963108062746

T Loss(reg): 0.8137583494186401

V Loss: 0.5691319108009338

l1_neurons = 128
l2_neurons = 0
l3_neurons = 0
dp0 = 0
dp1 = 0.05
dp2 = 0
dp3 = 0
lr = 0.0007
wd = 1e-06
lambda1_dim1 = 0.0003
lambda2_dim1 = 0.05
lambda1_dim2 = 0.0008
lambda2_dim2 = 0.05
