2020-04-13 20:50:06.741633
Model name: diabnet/models/model-sp-soft-label-random-1000-dropout0-05-bn-decay-068.pth

Confusion matrix:
[[107.  33.]
 [ 25.  15.]]

T Loss: 0.47494779229164125

T Loss(reg): 0.7695755958557129

V Loss: 0.767924964427948

l1_neurons = 128
l2_neurons = 0
l3_neurons = 0
dp0 = 0.5
dp1 = 0.0
dp2 = 0
dp3 = 0
lr = 0.0007
wd = 1e-06
lambda1_dim1 = 0.0003
lambda2_dim1 = 0.05
lambda1_dim2 = 0.0008
lambda2_dim2 = 0.05
