2020-03-06 19:35:16.209581
Model name: diabnet/models/model-sp-soft-label-positives-1000-decay-043.pth'

Confusion matrix:
[[119.06666667  12.93333333]
 [ 16.93333333  31.06666667]]

T Loss: 0.45566565990448

T Loss(reg): 0.8063001513481141

V Loss: 0.5562163756953346

l1_neurons = 256
l2_neurons = 0
l3_neurons = 0
dp0 = 0
dp1 = 0.5
dp2 = 0
dp3 = 0
lr = 0.0007
wd = 1e-06
lambda1_dim1 = 0.0003
lambda2_dim1 = 0.05
lambda1_dim2 = 0.0008
lambda2_dim2 = 0.05
