2020-03-05 10:09:30.392699
Model name: diabnet/models/model-sp-soft-label-positives-1000-decay2.pth

Confusion matrix:
[[126.1  13.9]
 [ 14.2  25.8]]

T Loss: 0.4631959855556488

T Loss(reg): 0.8061339497566223

V Loss: 0.5698124961720572

l1_neurons = 256
l2_neurons = 0
l3_neurons = 0
dp0 = 0
dp1 = 0.5
dp2 = 0
dp3 = 0
lr = 0.0007
wd = 1e-06
lambda1_dim1 = 0.0003
lambda2_dim1 = 0.05
lambda1_dim2 = 0.0008
lambda2_dim2 = 0.05
