2020-04-06 13:10:23.933368
Model name: diabnet/models/model-sp-soft-label-random-1000-nodropout-decay-017.pth

Confusion matrix:
[[94. 35.]
 [37. 14.]]

T Loss: 0.46123912930488586

T Loss(reg): 0.7751912593841552

V Loss: 0.7858965992927551

l1_neurons = 128
l2_neurons = 0
l3_neurons = 0
dp0 = 0
dp1 = 0.0
dp2 = 0
dp3 = 0
lr = 0.0007
wd = 1e-06
lambda1_dim1 = 0.0003
lambda2_dim1 = 0.05
lambda1_dim2 = 0.0008
lambda2_dim2 = 0.05
