2020-04-13 12:40:49.105153
Model name: diabnet/models/model-sp-soft-label-positives-1000-dropout0-05-bn-decay-034.pth

Confusion matrix:
[[126.  19.]
 [  5.  30.]]

T Loss: 0.44935145378112795

T Loss(reg): 0.8635324478149414

V Loss: 0.5372891028722128

l1_neurons = 128
l2_neurons = 0
l3_neurons = 0
dp0 = 0.5
dp1 = 0.0
dp2 = 0
dp3 = 0
lr = 0.0007
wd = 1e-06
lambda1_dim1 = 0.0003
lambda2_dim1 = 0.05
lambda1_dim2 = 0.0008
lambda2_dim2 = 0.05
