2020-09-15 16:26:38.478885
Model name: diabnet/models/model-6-soft-label-age-positives-1000-dropout0-bn-decay-flood-hyperopt-ax-batch256-adamw-lc1-20200915-094.pth

Accuracy: 0.9166666666666666

Balanced Accuracy: 0.8333333333333333

ECE: 0.05725209787487984

MCE: 0.2299301028251648

AUC-ROC: 0.9494598765432097

AVG-PREC: 0.8506744306901735

Confusion matrix:
[[140   4]
 [ 11  25]]

T Loss: 0.31177719150270733

T Loss(reg): 0.3131231537887028

V Loss: 0.3819619119167328

hidden_neurons = 6
dropout = 0.08658128211832698
lr = 0.002530315363231387
eps = 1.6516808099564973e-07
wd = 7.141119204788848e-05
lambda1_dim1 = 1.669665721023354e-06
lambda2_dim1 = 6.368583640194637e-07
lambda1_dim2 = 2.0342028053277926e-08
lambda2_dim2 = 2.0678941459740793e-11
flood_penalty = 0.18613187374510126
soft_label_alpha = 0.10348253777080188
sched-steps = 22
sched-gamma = 0.6213666892994011
beta1 = 0.9
beta2 = 0.999
batch_size = 256
