2020-04-28 12:42:50.456474
Model name: diabnet/models/model-32-sp-soft-label-negatives-1000-dropout0-05-bn-decay-flood-057.pth

Confusion matrix:
[[116.  23.]
 [ 37.   4.]]

T Loss: 0.5884245872497559

T Loss(reg): 0.8612882852554321

V Loss: 0.7477404077847799

l1_neurons = 32
l2_neurons = 0
l3_neurons = 0
dp0 = 0.5
dp1 = 0.0
dp2 = 0
dp3 = 0
lr = 0.0007
wd = 1e-06
lambda1_dim1 = 0.0003
lambda2_dim1 = 0.05
lambda1_dim2 = 0.0008
lambda2_dim2 = 0.05
