2020-09-15 16:32:32.052017
Model name: diabnet/models/model-6-soft-label-age-random-1000-dropout0-bn-decay-flood-hyperopt-ax-batch256-adamw-lc1-20200915-009.pth

Accuracy: 0.7111111111111111

Balanced Accuracy: 0.47500000000000003

ECE: 0.13457176089286804

MCE: 0.7402682900428772

AUC-ROC: 0.5367857142857144

AVG-PREC: 0.22730668522739755

Confusion matrix:
[[126  14]
 [ 38   2]]

T Loss: 0.4707534483500889

T Loss(reg): 0.4720671602657863

V Loss: 0.665180504322052

hidden_neurons = 6
dropout = 0.08658128211832698
lr = 0.002530315363231387
eps = 1.6516808099564973e-07
wd = 7.141119204788848e-05
lambda1_dim1 = 1.669665721023354e-06
lambda2_dim1 = 6.368583640194637e-07
lambda1_dim2 = 2.0342028053277926e-08
lambda2_dim2 = 2.0678941459740793e-11
flood_penalty = 0.18613187374510126
soft_label_alpha = 0.10348253777080188
sched-steps = 22
sched-gamma = 0.6213666892994011
beta1 = 0.9
beta2 = 0.999
batch_size = 256
