2020-04-30 12:54:47.977165
Model name: diabnet/models/model-32-sp-soft-label-randomized_1_positives-1000-dropout0-05-bn-decay-flood-025.pth

Confusion matrix:
[[112.  24.]
 [ 31.  13.]]

T Loss: 0.5206684768199921

T Loss(reg): 0.8660278439521789

V Loss: 0.7165584961573283

l1_neurons = 32
l2_neurons = 0
l3_neurons = 0
dp0 = 0.5
dp1 = 0.0
dp2 = 0
dp3 = 0
lr = 0.0007
wd = 1e-06
lambda1_dim1 = 0.0003
lambda2_dim1 = 0.05
lambda1_dim2 = 0.0008
lambda2_dim2 = 0.05
