2020-03-31 13:37:03.625847
Model name: diabnet/models/model-sp-soft-label-negatives-1000-dropout005-decay-021.pth'

Confusion matrix:
[[110.5         34.5       ]
 [ 24.16666667  10.83333333]]

T Loss: 0.46653143167495725

T Loss(reg): 0.7819051861763

V Loss: 0.7826707469092475

l1_neurons = 128
l2_neurons = 0
l3_neurons = 0
dp0 = 0
dp1 = 0.05
dp2 = 0
dp3 = 0
lr = 0.0007
wd = 1e-06
lambda1_dim1 = 0.0003
lambda2_dim1 = 0.05
lambda1_dim2 = 0.0008
lambda2_dim2 = 0.05
