2020-04-03 15:21:06.861679
Model name: diabnet/models/model-sp-soft-label-random-1000-dropout005-decay-010.pth

Confusion matrix:
[[100.76666667  29.23333333]
 [ 43.63333333   6.36666667]]

T Loss: 0.4936178088188171

T Loss(reg): 0.797796106338501

V Loss: 0.845429022444619

l1_neurons = 128
l2_neurons = 0
l3_neurons = 0
dp0 = 0
dp1 = 0.05
dp2 = 0
dp3 = 0
lr = 0.0007
wd = 1e-06
lambda1_dim1 = 0.0003
lambda2_dim1 = 0.05
lambda1_dim2 = 0.0008
lambda2_dim2 = 0.05
