2020-09-15 16:55:22.486275
Model name: diabnet/models/model-6-soft-label-age-random-1000-dropout0-bn-decay-flood-hyperopt-ax-batch256-adamw-lc1-20200915-068.pth

Accuracy: 0.6888888888888889

Balanced Accuracy: 0.5111111111111111

ECE: 0.12822981178760529

MCE: 0.8150249123573303

AUC-ROC: 0.6172839506172839

AVG-PREC: 0.3083871395139901

Confusion matrix:
[[117  18]
 [ 38   7]]

T Loss: 0.4266072469098227

T Loss(reg): 0.4279541330678122

V Loss: 0.6832780838012695

hidden_neurons = 6
dropout = 0.08658128211832698
lr = 0.002530315363231387
eps = 1.6516808099564973e-07
wd = 7.141119204788848e-05
lambda1_dim1 = 1.669665721023354e-06
lambda2_dim1 = 6.368583640194637e-07
lambda1_dim2 = 2.0342028053277926e-08
lambda2_dim2 = 2.0678941459740793e-11
flood_penalty = 0.18613187374510126
soft_label_alpha = 0.10348253777080188
sched-steps = 22
sched-gamma = 0.6213666892994011
beta1 = 0.9
beta2 = 0.999
batch_size = 256
