2020-03-24 16:24:40.220167
Model name: diabnet/models/model-sp-soft-label-positives-1000-dropout005-decay-048.pth'

Confusion matrix:
[[112.7  16.3]
 [ 12.8  38.2]]

T Loss: 0.44858279824256897

T Loss(reg): 0.8358972311019898

V Loss: 0.5290668543842104

l1_neurons = 128
l2_neurons = 0
l3_neurons = 0
dp0 = 0
dp1 = 0.05
dp2 = 0
dp3 = 0
lr = 0.0007
wd = 1e-06
lambda1_dim1 = 0.0003
lambda2_dim1 = 0.05
lambda1_dim2 = 0.0008
lambda2_dim2 = 0.05
