2020-03-31 12:33:34.530549
Model name: diabnet/models/model-sp-soft-label-negatives-1000-dropout005-decay-002.pth'

Confusion matrix:
[[114.9         33.1       ]
 [ 25.86666667   6.13333333]]

T Loss: 0.5054336726665497

T Loss(reg): 0.8027171611785888

V Loss: 0.7672980335023668

l1_neurons = 128
l2_neurons = 0
l3_neurons = 0
dp0 = 0
dp1 = 0.05
dp2 = 0
dp3 = 0
lr = 0.0007
wd = 1e-06
lambda1_dim1 = 0.0003
lambda2_dim1 = 0.05
lambda1_dim2 = 0.0008
lambda2_dim2 = 0.05
