2020-04-06 21:21:54.324391
Model name: diabnet/models/model-sp-soft-label-random-1000-nodropout-decay-097.pth

Confusion matrix:
[[111.  32.]
 [ 25.  12.]]

T Loss: 0.4640681207180023

T Loss(reg): 0.8002647876739502

V Loss: 0.8475046753883362

l1_neurons = 128
l2_neurons = 0
l3_neurons = 0
dp0 = 0
dp1 = 0.0
dp2 = 0
dp3 = 0
lr = 0.0007
wd = 1e-06
lambda1_dim1 = 0.0003
lambda2_dim1 = 0.05
lambda1_dim2 = 0.0008
lambda2_dim2 = 0.05
