2020-09-15 17:35:42.889726
Model name: diabnet/models/model-6-soft-label-age-negatives-1000-dropout0-bn-decay-flood-hyperopt-ax-batch256-adamw-lc1-20200915-072.pth

Accuracy: 0.6777777777777778

Balanced Accuracy: 0.45859213250517594

ECE: 0.16891171038150787

MCE: 0.5044610500335693

AUC-ROC: 0.4986197377501725

AVG-PREC: 0.24295729209402608

Confusion matrix:
[[120  18]
 [ 40   2]]

T Loss: 0.43238062943731037

T Loss(reg): 0.4337310322693416

V Loss: 0.6996030211448669

hidden_neurons = 6
dropout = 0.08658128211832698
lr = 0.002530315363231387
eps = 1.6516808099564973e-07
wd = 7.141119204788848e-05
lambda1_dim1 = 1.669665721023354e-06
lambda2_dim1 = 6.368583640194637e-07
lambda1_dim2 = 2.0342028053277926e-08
lambda2_dim2 = 2.0678941459740793e-11
flood_penalty = 0.18613187374510126
soft_label_alpha = 0.10348253777080188
sched-steps = 22
sched-gamma = 0.6213666892994011
beta1 = 0.9
beta2 = 0.999
batch_size = 256
