2020-04-07 15:55:29.926032
Model name: diabnet/models/model-sp-soft-label-negative-1000-nodropout-decay-068.pth

Confusion matrix:
[[95. 40.]
 [31. 14.]]

T Loss: 0.49408434629440307

T Loss(reg): 0.7856818437576294

V Loss: 0.8002117077509562

l1_neurons = 128
l2_neurons = 0
l3_neurons = 0
dp0 = 0
dp1 = 0.0
dp2 = 0
dp3 = 0
lr = 0.0007
wd = 1e-06
lambda1_dim1 = 0.0003
lambda2_dim1 = 0.05
lambda1_dim2 = 0.0008
lambda2_dim2 = 0.05
