2020-09-15 16:30:11.179884
Model name: diabnet/models/model-6-soft-label-age-random-1000-dropout0-bn-decay-flood-hyperopt-ax-batch256-adamw-lc1-20200915-003.pth

Accuracy: 0.7222222222222222

Balanced Accuracy: 0.5155670867309118

ECE: 0.12712012231349945

MCE: 0.2822798788547516

AUC-ROC: 0.5520756115641215

AVG-PREC: 0.2443504200899025

Confusion matrix:
[[124  18]
 [ 32   6]]

T Loss: 0.49895766377449036

T Loss(reg): 0.5002780386379787

V Loss: 0.62126624584198

hidden_neurons = 6
dropout = 0.08658128211832698
lr = 0.002530315363231387
eps = 1.6516808099564973e-07
wd = 7.141119204788848e-05
lambda1_dim1 = 1.669665721023354e-06
lambda2_dim1 = 6.368583640194637e-07
lambda1_dim2 = 2.0342028053277926e-08
lambda2_dim2 = 2.0678941459740793e-11
flood_penalty = 0.18613187374510126
soft_label_alpha = 0.10348253777080188
sched-steps = 22
sched-gamma = 0.6213666892994011
beta1 = 0.9
beta2 = 0.999
batch_size = 256
