2020-04-03 19:56:27.568863
Model name: diabnet/models/model-sp-soft-label-random-1000-dropout005-decay-091.pth

Confusion matrix:
[[104.3         29.7       ]
 [ 34.73333333  11.26666667]]

T Loss: 0.42706031203269956

T Loss(reg): 0.721931254863739

V Loss: 0.8571670664681329

l1_neurons = 128
l2_neurons = 0
l3_neurons = 0
dp0 = 0
dp1 = 0.05
dp2 = 0
dp3 = 0
lr = 0.0007
wd = 1e-06
lambda1_dim1 = 0.0003
lambda2_dim1 = 0.05
lambda1_dim2 = 0.0008
lambda2_dim2 = 0.05
