2020-09-15 16:04:31.311343
Model name: diabnet/models/model-6-soft-label-age-positives-1000-dropout0-bn-decay-flood-hyperopt-ax-batch256-adamw-lc1-20200915-038.pth

Accuracy: 0.8722222222222222

Balanced Accuracy: 0.814243997404283

ECE: 0.06997009366750717

MCE: 0.273958683013916

AUC-ROC: 0.8982803374432187

AVG-PREC: 0.8128335974930243

Confusion matrix:
[[125   9]
 [ 14  32]]

T Loss: 0.3300629471029554

T Loss(reg): 0.33140810472624643

V Loss: 0.4468623399734497

hidden_neurons = 6
dropout = 0.08658128211832698
lr = 0.002530315363231387
eps = 1.6516808099564973e-07
wd = 7.141119204788848e-05
lambda1_dim1 = 1.669665721023354e-06
lambda2_dim1 = 6.368583640194637e-07
lambda1_dim2 = 2.0342028053277926e-08
lambda2_dim2 = 2.0678941459740793e-11
flood_penalty = 0.18613187374510126
soft_label_alpha = 0.10348253777080188
sched-steps = 22
sched-gamma = 0.6213666892994011
beta1 = 0.9
beta2 = 0.999
batch_size = 256
