2020-04-06 15:16:16.494333
Model name: diabnet/models/model-sp-soft-label-random-1000-nodropout-decay-035.pth

Confusion matrix:
[[115.  24.]
 [ 29.  12.]]

T Loss: 0.46683719754219055

T Loss(reg): 0.7948651671409607

V Loss: 0.7917603055636088

l1_neurons = 128
l2_neurons = 0
l3_neurons = 0
dp0 = 0
dp1 = 0.0
dp2 = 0
dp3 = 0
lr = 0.0007
wd = 1e-06
lambda1_dim1 = 0.0003
lambda2_dim1 = 0.05
lambda1_dim2 = 0.0008
lambda2_dim2 = 0.05
