2020-04-13 17:12:53.105707
Model name: diabnet/models/model-sp-soft-label-random-1000-dropout0-05-bn-decay-007.pth

Confusion matrix:
[[97. 39.]
 [32. 12.]]

T Loss: 0.40820817947387694

T Loss(reg): 0.7039527416229248

V Loss: 0.9003398617108663

l1_neurons = 128
l2_neurons = 0
l3_neurons = 0
dp0 = 0.5
dp1 = 0.0
dp2 = 0
dp3 = 0
lr = 0.0007
wd = 1e-06
lambda1_dim1 = 0.0003
lambda2_dim1 = 0.05
lambda1_dim2 = 0.0008
lambda2_dim2 = 0.05
