2020-09-15 16:38:01.983807
Model name: diabnet/models/model-6-soft-label-age-random-1000-dropout0-bn-decay-flood-hyperopt-ax-batch256-adamw-lc1-20200915-023.pth

Accuracy: 0.7277777777777777

Balanced Accuracy: 0.5214285714285715

ECE: 0.18258538842201233

MCE: 0.32027214765548706

AUC-ROC: 0.5016071428571429

AVG-PREC: 0.25292432711831747

Confusion matrix:
[[125  15]
 [ 34   6]]

T Loss: 0.4255188150065286

T Loss(reg): 0.42684641906193327

V Loss: 0.7121099233627319

hidden_neurons = 6
dropout = 0.08658128211832698
lr = 0.002530315363231387
eps = 1.6516808099564973e-07
wd = 7.141119204788848e-05
lambda1_dim1 = 1.669665721023354e-06
lambda2_dim1 = 6.368583640194637e-07
lambda1_dim2 = 2.0342028053277926e-08
lambda2_dim2 = 2.0678941459740793e-11
flood_penalty = 0.18613187374510126
soft_label_alpha = 0.10348253777080188
sched-steps = 22
sched-gamma = 0.6213666892994011
beta1 = 0.9
beta2 = 0.999
batch_size = 256
