2020-04-15 09:33:51.961195
Model name: diabnet/models/model-32-sp-soft-label-negatives-1000-dropout0-05-bn-decay-000.pth

Confusion matrix:
[[114.  32.]
 [ 28.   6.]]

T Loss: 0.5850930571556091

T Loss(reg): 0.8514776587486267

V Loss: 0.7254250844319662

l1_neurons = 32
l2_neurons = 0
l3_neurons = 0
dp0 = 0.5
dp1 = 0.0
dp2 = 0
dp3 = 0
lr = 0.0007
wd = 1e-06
lambda1_dim1 = 0.0003
lambda2_dim1 = 0.05
lambda1_dim2 = 0.0008
lambda2_dim2 = 0.05
