2020-04-03 20:03:17.229624
Model name: diabnet/models/model-sp-soft-label-random-1000-dropout005-decay-093.pth

Confusion matrix:
[[107.63333333  29.36666667]
 [ 37.13333333   5.86666667]]

T Loss: 0.481407904624939

T Loss(reg): 0.7634334325790405

V Loss: 0.8307656500074598

l1_neurons = 128
l2_neurons = 0
l3_neurons = 0
dp0 = 0
dp1 = 0.05
dp2 = 0
dp3 = 0
lr = 0.0007
wd = 1e-06
lambda1_dim1 = 0.0003
lambda2_dim1 = 0.05
lambda1_dim2 = 0.0008
lambda2_dim2 = 0.05
