2020-04-28 20:44:02.525007
Model name: diabnet/models/model-32-sp-soft-label-random-1000-dropout0-05-bn-decay-flood-083.pth

Confusion matrix:
[[132.  14.]
 [ 28.   6.]]

T Loss: 0.5878218173980713

T Loss(reg): 0.8631163716316224

V Loss: 0.6607510447502136

l1_neurons = 32
l2_neurons = 0
l3_neurons = 0
dp0 = 0.5
dp1 = 0.0
dp2 = 0
dp3 = 0
lr = 0.0007
wd = 1e-06
lambda1_dim1 = 0.0003
lambda2_dim1 = 0.05
lambda1_dim2 = 0.0008
lambda2_dim2 = 0.05
