2020-04-13 12:16:41.078465
Model name: diabnet/models/model-sp-soft-label-positives-1000-dropout0-05-bn-decay-027.pth

Confusion matrix:
[[119.  15.]
 [ 18.  28.]]

T Loss: 0.4513611137866974

T Loss(reg): 0.8437637567520142

V Loss: 0.5597511132558187

l1_neurons = 128
l2_neurons = 0
l3_neurons = 0
dp0 = 0.5
dp1 = 0.0
dp2 = 0
dp3 = 0
lr = 0.0007
wd = 1e-06
lambda1_dim1 = 0.0003
lambda2_dim1 = 0.05
lambda1_dim2 = 0.0008
lambda2_dim2 = 0.05
