2020-04-13 17:44:39.648468
Model name: diabnet/models/model-sp-soft-label-random-1000-dropout0-05-bn-decay-016.pth

Confusion matrix:
[[93. 44.]
 [31. 12.]]

T Loss: 0.4026745200157166

T Loss(reg): 0.712807047367096

V Loss: 1.0362096031506856

l1_neurons = 128
l2_neurons = 0
l3_neurons = 0
dp0 = 0.5
dp1 = 0.0
dp2 = 0
dp3 = 0
lr = 0.0007
wd = 1e-06
lambda1_dim1 = 0.0003
lambda2_dim1 = 0.05
lambda1_dim2 = 0.0008
lambda2_dim2 = 0.05
