2020-04-13 18:06:01.522091
Model name: diabnet/models/model-sp-soft-label-random-1000-dropout0-05-bn-decay-022.pth

Confusion matrix:
[[115.  33.]
 [ 24.   8.]]

T Loss: 0.40703554153442384

T Loss(reg): 0.7249542713165283

V Loss: 0.8419806758562723

l1_neurons = 128
l2_neurons = 0
l3_neurons = 0
dp0 = 0.5
dp1 = 0.0
dp2 = 0
dp3 = 0
lr = 0.0007
wd = 1e-06
lambda1_dim1 = 0.0003
lambda2_dim1 = 0.05
lambda1_dim2 = 0.0008
lambda2_dim2 = 0.05
