2020-04-03 15:24:29.521437
Model name: diabnet/models/model-sp-soft-label-random-1000-dropout005-decay-011.pth

Confusion matrix:
[[109.2  33.8]
 [ 25.9  11.1]]

T Loss: 0.4762158989906311

T Loss(reg): 0.7700482487678528

V Loss: 0.7306136429309845

l1_neurons = 128
l2_neurons = 0
l3_neurons = 0
dp0 = 0
dp1 = 0.05
dp2 = 0
dp3 = 0
lr = 0.0007
wd = 1e-06
lambda1_dim1 = 0.0003
lambda2_dim1 = 0.05
lambda1_dim2 = 0.0008
lambda2_dim2 = 0.05
