2020-04-13 19:13:39.922301
Model name: diabnet/models/model-sp-soft-label-random-1000-dropout0-05-bn-decay-041.pth

Confusion matrix:
[[100.  36.]
 [ 32.  12.]]

T Loss: 0.4057205855846405

T Loss(reg): 0.7009580373764038

V Loss: 0.8924141724904379

l1_neurons = 128
l2_neurons = 0
l3_neurons = 0
dp0 = 0.5
dp1 = 0.0
dp2 = 0
dp3 = 0
lr = 0.0007
wd = 1e-06
lambda1_dim1 = 0.0003
lambda2_dim1 = 0.05
lambda1_dim2 = 0.0008
lambda2_dim2 = 0.05
