2020-09-15 16:13:12.412385
Model name: diabnet/models/model-6-soft-label-age-positives-1000-dropout0-bn-decay-flood-hyperopt-ax-batch256-adamw-lc1-20200915-060.pth

Accuracy: 0.8722222222222222

Balanced Accuracy: 0.8164044243651659

ECE: 0.035258494317531586

MCE: 0.16715377569198608

AUC-ROC: 0.9344134600405047

AVG-PREC: 0.8617413378563963

Confusion matrix:
[[123   8]
 [ 15  34]]

T Loss: 0.32524500148636953

T Loss(reg): 0.32661176579339163

V Loss: 0.4117347300052643

hidden_neurons = 6
dropout = 0.08658128211832698
lr = 0.002530315363231387
eps = 1.6516808099564973e-07
wd = 7.141119204788848e-05
lambda1_dim1 = 1.669665721023354e-06
lambda2_dim1 = 6.368583640194637e-07
lambda1_dim2 = 2.0342028053277926e-08
lambda2_dim2 = 2.0678941459740793e-11
flood_penalty = 0.18613187374510126
soft_label_alpha = 0.10348253777080188
sched-steps = 22
sched-gamma = 0.6213666892994011
beta1 = 0.9
beta2 = 0.999
batch_size = 256
