2020-03-24 14:11:48.513193
Model name: diabnet/models/model-sp-soft-label-positives-1000-dropout005-decay-008.pth'

Confusion matrix:
[[126.          12.        ]
 [ 10.86666667  31.13333333]]

T Loss: 0.4437337100505829

T Loss(reg): 0.8266333103179931

V Loss: 0.5282329168584612

l1_neurons = 128
l2_neurons = 0
l3_neurons = 0
dp0 = 0
dp1 = 0.05
dp2 = 0
dp3 = 0
lr = 0.0007
wd = 1e-06
lambda1_dim1 = 0.0003
lambda2_dim1 = 0.05
lambda1_dim2 = 0.0008
lambda2_dim2 = 0.05
