2020-04-13 14:14:10.643166
Model name: diabnet/models/model-sp-soft-label-positives-1000-dropout0-05-bn-decay-061.pth

Confusion matrix:
[[128.  19.]
 [ 11.  22.]]

T Loss: 0.44341531991958616

T Loss(reg): 0.8519628643989563

V Loss: 0.5857266386349996

l1_neurons = 128
l2_neurons = 0
l3_neurons = 0
dp0 = 0.5
dp1 = 0.0
dp2 = 0
dp3 = 0
lr = 0.0007
wd = 1e-06
lambda1_dim1 = 0.0003
lambda2_dim1 = 0.05
lambda1_dim2 = 0.0008
lambda2_dim2 = 0.05
