2020-04-28 00:03:55.624493
Model name: diabnet/models/model-32-sp-soft-label-positives-1000-dropout0-05-bn-decay-flood-081.pth

Confusion matrix:
[[131.  16.]
 [ 13.  20.]]

T Loss: 0.4504722058773041

T Loss(reg): 0.8198655843734741

V Loss: 0.5590294798215231

l1_neurons = 32
l2_neurons = 0
l3_neurons = 0
dp0 = 0.5
dp1 = 0.0
dp2 = 0
dp3 = 0
lr = 0.0007
wd = 1e-06
lambda1_dim1 = 0.0003
lambda2_dim1 = 0.05
lambda1_dim2 = 0.0008
lambda2_dim2 = 0.05
