2020-03-06 21:51:07.589690
Model name: diabnet/models/model-sp-soft-label-positives-1000-decay-083.pth'

Confusion matrix:
[[130.6         20.4       ]
 [  8.96666667  20.03333333]]

T Loss: 0.4563578009605408

T Loss(reg): 0.8030231714248657

V Loss: 0.5632292177942064

l1_neurons = 256
l2_neurons = 0
l3_neurons = 0
dp0 = 0
dp1 = 0.5
dp2 = 0
dp3 = 0
lr = 0.0007
wd = 1e-06
lambda1_dim1 = 0.0003
lambda2_dim1 = 0.05
lambda1_dim2 = 0.0008
lambda2_dim2 = 0.05
