2020-04-09 21:45:31.747339
Model name: diabnet/models/model-sp-soft-label-negatives-1000-nodropout-bn-decay-047.pth

Confusion matrix:
[[99. 40.]
 [36.  5.]]

T Loss: 0.36219640374183654

T Loss(reg): 0.7076321125030518

V Loss: 0.9026078184445699

l1_neurons = 128
l2_neurons = 0
l3_neurons = 0
dp0 = 0
dp1 = 0.0
dp2 = 0
dp3 = 0
lr = 0.0007
wd = 1e-06
lambda1_dim1 = 0.0003
lambda2_dim1 = 0.05
lambda1_dim2 = 0.0008
lambda2_dim2 = 0.05
