2020-04-09 20:04:25.300920
Model name: diabnet/models/model-sp-soft-label-negatives-1000-nodropout-bn-decay-018.pth

Confusion matrix:
[[99. 48.]
 [16. 17.]]

T Loss: 0.3477577447891235

T Loss(reg): 0.6761811971664429

V Loss: 0.9133973916371664

l1_neurons = 128
l2_neurons = 0
l3_neurons = 0
dp0 = 0
dp1 = 0.0
dp2 = 0
dp3 = 0
lr = 0.0007
wd = 1e-06
lambda1_dim1 = 0.0003
lambda2_dim1 = 0.05
lambda1_dim2 = 0.0008
lambda2_dim2 = 0.05
