2020-09-15 17:49:48.420261
Model name: diabnet/models/model-6-soft-label-age-randomized_positives-1000-dropout0-bn-decay-flood-hyperopt-ax-batch256-adamw-lc1-20200915-008.pth

Accuracy: 0.7444444444444445

Balanced Accuracy: 0.5778354336545589

ECE: 0.10948590934276581

MCE: 0.588697075843811

AUC-ROC: 0.6925500370644923

AVG-PREC: 0.3611439474267185

Confusion matrix:
[[123  19]
 [ 27  11]]

T Loss: 0.3741264683859689

T Loss(reg): 0.37546697684696745

V Loss: 0.610170841217041

hidden_neurons = 6
dropout = 0.08658128211832698
lr = 0.002530315363231387
eps = 1.6516808099564973e-07
wd = 7.141119204788848e-05
lambda1_dim1 = 1.669665721023354e-06
lambda2_dim1 = 6.368583640194637e-07
lambda1_dim2 = 2.0342028053277926e-08
lambda2_dim2 = 2.0678941459740793e-11
flood_penalty = 0.18613187374510126
soft_label_alpha = 0.10348253777080188
sched-steps = 22
sched-gamma = 0.6213666892994011
beta1 = 0.9
beta2 = 0.999
batch_size = 256
