2020-03-31 18:18:48.275921
Model name: diabnet/models/model-sp-soft-label-negatives-1000-dropout005-decay-073.pth'

Confusion matrix:
[[104.96666667  33.03333333]
 [ 31.13333333  10.86666667]]

T Loss: 0.4929648280143738

T Loss(reg): 0.8017302751541138

V Loss: 0.8205013785097334

l1_neurons = 128
l2_neurons = 0
l3_neurons = 0
dp0 = 0
dp1 = 0.05
dp2 = 0
dp3 = 0
lr = 0.0007
wd = 1e-06
lambda1_dim1 = 0.0003
lambda2_dim1 = 0.05
lambda1_dim2 = 0.0008
lambda2_dim2 = 0.05
