2020-09-14 16:16:02.125443
Model name: diabnet/models/model-6-soft-label-age-positives-1000-dropout0-bn-decay-flood-hyperopt-batch256-adamw-lc1-20200914-081.pth

Accuracy: 0.8444444444444444

Balanced Accuracy: 0.8180274995756238

ECE: 0.08917491137981415

MCE: 0.2624107003211975

AUC-ROC: 0.9059582413851638

AVG-PREC: 0.8085527061765052

Confusion matrix:
[[119  18]
 [ 10  33]]

T Loss: 0.22696265578269958

T Loss(reg): 0.22803665484700883

V Loss: 0.4648144245147705

hidden_neurons = 6
dropout = 0.08658128211832698
lr = 0.002530315363231387
eps = 1.6516808099564973e-07
wd = 7.141119204788848e-05
lambda1_dim1 = 1.669665721023354e-06
lambda2_dim1 = 6.368583640194637e-07
lambda1_dim2 = 2.0342028053277926e-08
lambda2_dim2 = 2.0678941459740793e-11
flood_penalty = 0.18613187374510126
soft_label_alpha = 0.10348253777080188
sched-steps = 22
sched-gamma = 0.6213666892994011
beta1 = 0.9
beta2 = 0.999
batch_size = 256
