2020-04-14 14:26:08.305655
Model name: diabnet/models/model-sp-soft-label-negatives-1000-dropout0-05-bn-decay-066.pth

Confusion matrix:
[[102.  44.]
 [ 22.  12.]]

T Loss: 0.42137123346328736

T Loss(reg): 0.7376235723495483

V Loss: 0.8433164358139038

l1_neurons = 128
l2_neurons = 0
l3_neurons = 0
dp0 = 0.5
dp1 = 0.0
dp2 = 0
dp3 = 0
lr = 0.0007
wd = 1e-06
lambda1_dim1 = 0.0003
lambda2_dim1 = 0.05
lambda1_dim2 = 0.0008
lambda2_dim2 = 0.05
