2020-04-06 19:42:05.339441
Model name: diabnet/models/model-sp-soft-label-random-1000-nodropout-decay-073.pth

Confusion matrix:
[[100.  40.]
 [ 32.   8.]]

T Loss: 0.5284416913986206

T Loss(reg): 0.8262899041175842

V Loss: 0.7966341177622477

l1_neurons = 128
l2_neurons = 0
l3_neurons = 0
dp0 = 0
dp1 = 0.0
dp2 = 0
dp3 = 0
lr = 0.0007
wd = 1e-06
lambda1_dim1 = 0.0003
lambda2_dim1 = 0.05
lambda1_dim2 = 0.0008
lambda2_dim2 = 0.05
