2020-04-07 08:22:31.905868
Model name: diabnet/models/model-sp-soft-label-negative-1000-nodropout-decay-000.pth

Confusion matrix:
[[112.  31.]
 [ 33.   4.]]

T Loss: 0.5315755128860473

T Loss(reg): 0.8339531898498536

V Loss: 0.7788654764493307

l1_neurons = 128
l2_neurons = 0
l3_neurons = 0
dp0 = 0
dp1 = 0.0
dp2 = 0
dp3 = 0
lr = 0.0007
wd = 1e-06
lambda1_dim1 = 0.0003
lambda2_dim1 = 0.05
lambda1_dim2 = 0.0008
lambda2_dim2 = 0.05
