2020-04-03 15:17:46.219020
Model name: diabnet/models/model-sp-soft-label-random-1000-dropout005-decay-009.pth

Confusion matrix:
[[113.53333333  36.46666667]
 [ 24.13333333   5.86666667]]

T Loss: 0.45750240087509153

T Loss(reg): 0.7827464818954468

V Loss: 0.7845667057567173

l1_neurons = 128
l2_neurons = 0
l3_neurons = 0
dp0 = 0
dp1 = 0.05
dp2 = 0
dp3 = 0
lr = 0.0007
wd = 1e-06
lambda1_dim1 = 0.0003
lambda2_dim1 = 0.05
lambda1_dim2 = 0.0008
lambda2_dim2 = 0.05
