2020-04-07 11:58:16.488651
Model name: diabnet/models/model-sp-soft-label-negative-1000-nodropout-decay-036.pth

Confusion matrix:
[[106.  32.]
 [ 37.   5.]]

T Loss: 0.45971733927726743

T Loss(reg): 0.783348536491394

V Loss: 0.8552695711453756

l1_neurons = 128
l2_neurons = 0
l3_neurons = 0
dp0 = 0
dp1 = 0.0
dp2 = 0
dp3 = 0
lr = 0.0007
wd = 1e-06
lambda1_dim1 = 0.0003
lambda2_dim1 = 0.05
lambda1_dim2 = 0.0008
lambda2_dim2 = 0.05
