2020-04-13 11:24:52.419589
Model name: diabnet/models/model-sp-soft-label-positives-1000-dropout0-05-bn-decay-012.pth

Confusion matrix:
[[123.  19.]
 [ 11.  27.]]

T Loss: 0.44333574175834656

T Loss(reg): 0.8464582920074463

V Loss: 0.5714385112126669

l1_neurons = 128
l2_neurons = 0
l3_neurons = 0
dp0 = 0.5
dp1 = 0.0
dp2 = 0
dp3 = 0
lr = 0.0007
wd = 1e-06
lambda1_dim1 = 0.0003
lambda2_dim1 = 0.05
lambda1_dim2 = 0.0008
lambda2_dim2 = 0.05
