2020-03-24 18:01:40.288210
Model name: diabnet/models/model-sp-soft-label-positives-1000-dropout005-decay-077.pth'

Confusion matrix:
[[125.6         13.4       ]
 [  6.63333333  34.36666667]]

T Loss: 0.450202214717865

T Loss(reg): 0.8279507040977478

V Loss: 0.5088225805097156

l1_neurons = 128
l2_neurons = 0
l3_neurons = 0
dp0 = 0
dp1 = 0.05
dp2 = 0
dp3 = 0
lr = 0.0007
wd = 1e-06
lambda1_dim1 = 0.0003
lambda2_dim1 = 0.05
lambda1_dim2 = 0.0008
lambda2_dim2 = 0.05
