2020-04-07 08:32:26.058416
Model name: diabnet/models/model-sp-soft-label-negative-1000-nodropout-decay-003.pth

Confusion matrix:
[[111.  30.]
 [ 27.  12.]]

T Loss: 0.5215152382850647

T Loss(reg): 0.8247511267662049

V Loss: 0.719055970509847

l1_neurons = 128
l2_neurons = 0
l3_neurons = 0
dp0 = 0
dp1 = 0.0
dp2 = 0
dp3 = 0
lr = 0.0007
wd = 1e-06
lambda1_dim1 = 0.0003
lambda2_dim1 = 0.05
lambda1_dim2 = 0.0008
lambda2_dim2 = 0.05
