2020-03-06 22:25:08.691168
Model name: diabnet/models/model-sp-soft-label-positives-1000-decay-093.pth'

Confusion matrix:
[[120.53333333  18.46666667]
 [ 14.36666667  26.63333333]]

T Loss: 0.4541443169116974

T Loss(reg): 0.7847506999969482

V Loss: 0.5564561360412174

l1_neurons = 256
l2_neurons = 0
l3_neurons = 0
dp0 = 0
dp1 = 0.5
dp2 = 0
dp3 = 0
lr = 0.0007
wd = 1e-06
lambda1_dim1 = 0.0003
lambda2_dim1 = 0.05
lambda1_dim2 = 0.0008
lambda2_dim2 = 0.05
