2020-04-30 13:01:48.532296
Model name: diabnet/models/model-32-sp-soft-label-randomized_1_positives-1000-dropout0-05-bn-decay-flood-027.pth

Confusion matrix:
[[120.  21.]
 [ 28.  11.]]

T Loss: 0.5229408740997314

T Loss(reg): 0.8869987607002259

V Loss: 0.7051689624786377

l1_neurons = 32
l2_neurons = 0
l3_neurons = 0
dp0 = 0.5
dp1 = 0.0
dp2 = 0
dp3 = 0
lr = 0.0007
wd = 1e-06
lambda1_dim1 = 0.0003
lambda2_dim1 = 0.05
lambda1_dim2 = 0.0008
lambda2_dim2 = 0.05
