2020-04-28 19:43:38.165538
Model name: diabnet/models/model-32-sp-soft-label-random-1000-dropout0-05-bn-decay-flood-066.pth

Confusion matrix:
[[112.  32.]
 [ 33.   3.]]

T Loss: 0.552160894870758

T Loss(reg): 0.8247451186180115

V Loss: 0.7641624212265015

l1_neurons = 32
l2_neurons = 0
l3_neurons = 0
dp0 = 0.5
dp1 = 0.0
dp2 = 0
dp3 = 0
lr = 0.0007
wd = 1e-06
lambda1_dim1 = 0.0003
lambda2_dim1 = 0.05
lambda1_dim2 = 0.0008
lambda2_dim2 = 0.05
