2020-04-09 22:09:54.906637
Model name: diabnet/models/model-sp-soft-label-negatives-1000-nodropout-bn-decay-054.pth

Confusion matrix:
[[92. 46.]
 [25. 17.]]

T Loss: 0.3540592610836029

T Loss(reg): 0.6876638770103455

V Loss: 0.9609984954198202

l1_neurons = 128
l2_neurons = 0
l3_neurons = 0
dp0 = 0
dp1 = 0.0
dp2 = 0
dp3 = 0
lr = 0.0007
wd = 1e-06
lambda1_dim1 = 0.0003
lambda2_dim1 = 0.05
lambda1_dim2 = 0.0008
lambda2_dim2 = 0.05
