2020-05-12 17:47:59.257417
Model name: diabnet/models/model-3-sp-soft-label-positives-2500-dropout0-bn-decay-flood-hyperopt-013.pth

Confusion matrix:
[[4.4 0.5]
 [0.4 0.7]]

T Loss: 0.3441226541996002

T Loss(reg): 0.3914612889289856

V Loss: 0.8661273121833801

l1_neurons = 3
l2_neurons = 0
l3_neurons = 0
dp0 = 0.75
dp1 = 0.0
dp2 = 0
dp3 = 0
lr = 0.003
wd = 1e-06
lambda1_dim1 = 0.0004
lambda2_dim1 = 0.05
lambda1_dim2 = 2e-05
lambda2_dim2 = 0.025
flood_penalty = 0.25
