2020-04-06 21:18:33.010516
Model name: diabnet/models/model-sp-soft-label-random-1000-nodropout-decay-096.pth

Confusion matrix:
[[106.  36.]
 [ 28.  10.]]

T Loss: 0.4430452883243561

T Loss(reg): 0.7590668320655822

V Loss: 0.7594226996103922

l1_neurons = 128
l2_neurons = 0
l3_neurons = 0
dp0 = 0
dp1 = 0.0
dp2 = 0
dp3 = 0
lr = 0.0007
wd = 1e-06
lambda1_dim1 = 0.0003
lambda2_dim1 = 0.05
lambda1_dim2 = 0.0008
lambda2_dim2 = 0.05
