2020-04-28 14:50:42.778219
Model name: diabnet/models/model-32-sp-soft-label-negatives-1000-dropout0-05-bn-decay-flood-093.pth

Confusion matrix:
[[111.  30.]
 [ 30.   9.]]

T Loss: 0.5480970740318298

T Loss(reg): 0.819268774986267

V Loss: 0.7299345930417379

l1_neurons = 32
l2_neurons = 0
l3_neurons = 0
dp0 = 0.5
dp1 = 0.0
dp2 = 0
dp3 = 0
lr = 0.0007
wd = 1e-06
lambda1_dim1 = 0.0003
lambda2_dim1 = 0.05
lambda1_dim2 = 0.0008
lambda2_dim2 = 0.05
