2020-03-31 14:13:51.388164
Model name: diabnet/models/model-sp-soft-label-negatives-1000-dropout005-decay-032.pth'

Confusion matrix:
[[102.53333333  37.46666667]
 [ 29.66666667  10.33333333]]

T Loss: 0.46475023627281187

T Loss(reg): 0.7692582130432128

V Loss: 0.8255729622311062

l1_neurons = 128
l2_neurons = 0
l3_neurons = 0
dp0 = 0
dp1 = 0.05
dp2 = 0
dp3 = 0
lr = 0.0007
wd = 1e-06
lambda1_dim1 = 0.0003
lambda2_dim1 = 0.05
lambda1_dim2 = 0.0008
lambda2_dim2 = 0.05
