2020-04-03 16:21:41.381753
Model name: diabnet/models/model-sp-soft-label-random-1000-dropout005-decay-028.pth

Confusion matrix:
[[118.53333333  21.46666667]
 [ 31.56666667   8.43333333]]

T Loss: 0.5023486971855163

T Loss(reg): 0.780989921092987

V Loss: 0.7542002465989854

l1_neurons = 128
l2_neurons = 0
l3_neurons = 0
dp0 = 0
dp1 = 0.05
dp2 = 0
dp3 = 0
lr = 0.0007
wd = 1e-06
lambda1_dim1 = 0.0003
lambda2_dim1 = 0.05
lambda1_dim2 = 0.0008
lambda2_dim2 = 0.05
