2020-04-07 17:46:48.831553
Model name: diabnet/models/model-sp-soft-label-negative-1000-nodropout-decay-083.pth

Confusion matrix:
[[104.  35.]
 [ 35.   6.]]

T Loss: 0.4499232769012451

T Loss(reg): 0.7760905027389526

V Loss: 0.8230851491292318

l1_neurons = 128
l2_neurons = 0
l3_neurons = 0
dp0 = 0
dp1 = 0.0
dp2 = 0
dp3 = 0
lr = 0.0007
wd = 1e-06
lambda1_dim1 = 0.0003
lambda2_dim1 = 0.05
lambda1_dim2 = 0.0008
lambda2_dim2 = 0.05
