2020-03-24 18:15:10.729689
Model name: diabnet/models/model-sp-soft-label-positives-1000-dropout005-decay-081.pth'

Confusion matrix:
[[125.4         10.6       ]
 [ 15.46666667  28.53333333]]

T Loss: 0.4464867353439331

T Loss(reg): 0.8172519087791443

V Loss: 0.5646500249703725

l1_neurons = 128
l2_neurons = 0
l3_neurons = 0
dp0 = 0
dp1 = 0.05
dp2 = 0
dp3 = 0
lr = 0.0007
wd = 1e-06
lambda1_dim1 = 0.0003
lambda2_dim1 = 0.05
lambda1_dim2 = 0.0008
lambda2_dim2 = 0.05
