2020-03-31 13:06:55.106340
Model name: diabnet/models/model-sp-soft-label-negatives-1000-dropout005-decay-012.pth'

Confusion matrix:
[[108.43333333  31.56666667]
 [ 32.1          7.9       ]]

T Loss: 0.5014808773994446

T Loss(reg): 0.8014624238014221

V Loss: 0.7686428917778863

l1_neurons = 128
l2_neurons = 0
l3_neurons = 0
dp0 = 0
dp1 = 0.05
dp2 = 0
dp3 = 0
lr = 0.0007
wd = 1e-06
lambda1_dim1 = 0.0003
lambda2_dim1 = 0.05
lambda1_dim2 = 0.0008
lambda2_dim2 = 0.05
