2020-04-09 14:24:35.833026
Model name: diabnet/models/model-sp-soft-label-positives-1000-nodropout-bn-decay-044.pth

Confusion matrix:
[[118.  15.]
 [  8.  39.]]

T Loss: 0.4302810549736023

T Loss(reg): 0.8552145838737488

V Loss: 0.5419382452964783

l1_neurons = 128
l2_neurons = 0
l3_neurons = 0
dp0 = 0
dp1 = 0.0
dp2 = 0
dp3 = 0
lr = 0.0007
wd = 1e-06
lambda1_dim1 = 0.0003
lambda2_dim1 = 0.05
lambda1_dim2 = 0.0008
lambda2_dim2 = 0.05
