2020-09-15 18:07:51.744523
Model name: diabnet/models/model-6-soft-label-age-randomized_positives-1000-dropout0-bn-decay-flood-hyperopt-ax-batch256-adamw-lc1-20200915-054.pth

Accuracy: 0.6833333333333333

Balanced Accuracy: 0.52842603965608

ECE: 0.18521487712860107

MCE: 0.4699094593524933

AUC-ROC: 0.6083523425162309

AVG-PREC: 0.3174244301558645

Confusion matrix:
[[113  26]
 [ 31  10]]

T Loss: 0.35898975815091816

T Loss(reg): 0.3603576251438686

V Loss: 0.7032325267791748

hidden_neurons = 6
dropout = 0.08658128211832698
lr = 0.002530315363231387
eps = 1.6516808099564973e-07
wd = 7.141119204788848e-05
lambda1_dim1 = 1.669665721023354e-06
lambda2_dim1 = 6.368583640194637e-07
lambda1_dim2 = 2.0342028053277926e-08
lambda2_dim2 = 2.0678941459740793e-11
flood_penalty = 0.18613187374510126
soft_label_alpha = 0.10348253777080188
sched-steps = 22
sched-gamma = 0.6213666892994011
beta1 = 0.9
beta2 = 0.999
batch_size = 256
