2020-03-24 17:41:26.921843
Model name: diabnet/models/model-sp-soft-label-positives-1000-dropout005-decay-071.pth'

Confusion matrix:
[[127.06666667  15.93333333]
 [  8.53333333  28.46666667]]

T Loss: 0.4465263307094574

T Loss(reg): 0.8242466926574707

V Loss: 0.5425159576866362

l1_neurons = 128
l2_neurons = 0
l3_neurons = 0
dp0 = 0
dp1 = 0.05
dp2 = 0
dp3 = 0
lr = 0.0007
wd = 1e-06
lambda1_dim1 = 0.0003
lambda2_dim1 = 0.05
lambda1_dim2 = 0.0008
lambda2_dim2 = 0.05
