2020-03-31 13:20:17.368940
Model name: diabnet/models/model-sp-soft-label-negatives-1000-dropout005-decay-016.pth'

Confusion matrix:
[[99.26666667 28.73333333]
 [40.1        11.9       ]]

T Loss: 0.43742217421531676

T Loss(reg): 0.7472692728042603

V Loss: 0.8920541551378038

l1_neurons = 128
l2_neurons = 0
l3_neurons = 0
dp0 = 0
dp1 = 0.05
dp2 = 0
dp3 = 0
lr = 0.0007
wd = 1e-06
lambda1_dim1 = 0.0003
lambda2_dim1 = 0.05
lambda1_dim2 = 0.0008
lambda2_dim2 = 0.05
