2020-04-30 15:31:55.554370
Model name: diabnet/models/model-32-sp-soft-label-randomized_1_positives-1000-dropout0-05-bn-decay-flood-069.pth

Confusion matrix:
[[105.  36.]
 [ 25.  14.]]

T Loss: 0.5258116841316223

T Loss(reg): 0.8805607080459594

V Loss: 0.7188887198766073

l1_neurons = 32
l2_neurons = 0
l3_neurons = 0
dp0 = 0.5
dp1 = 0.0
dp2 = 0
dp3 = 0
lr = 0.0007
wd = 1e-06
lambda1_dim1 = 0.0003
lambda2_dim1 = 0.05
lambda1_dim2 = 0.0008
lambda2_dim2 = 0.05
