2020-04-14 15:01:07.857838
Model name: diabnet/models/model-sp-soft-label-negatives-1000-dropout0-05-bn-decay-076.pth

Confusion matrix:
[[100.  47.]
 [ 25.   8.]]

T Loss: 0.4001165747642517

T Loss(reg): 0.6986847162246704

V Loss: 0.901729961236318

l1_neurons = 128
l2_neurons = 0
l3_neurons = 0
dp0 = 0.5
dp1 = 0.0
dp2 = 0
dp3 = 0
lr = 0.0007
wd = 1e-06
lambda1_dim1 = 0.0003
lambda2_dim1 = 0.05
lambda1_dim2 = 0.0008
lambda2_dim2 = 0.05
