2020-04-15 20:44:03.749713
Model name: diabnet/models/model-32-sp-soft-label-positives-1000-dropout0-05-bn-decay-088.pth

Confusion matrix:
[[121.  15.]
 [ 14.  30.]]

T Loss: 0.46025351285934446

T Loss(reg): 0.810466468334198

V Loss: 0.5396844645341238

l1_neurons = 32
l2_neurons = 0
l3_neurons = 0
dp0 = 0.5
dp1 = 0.0
dp2 = 0
dp3 = 0
lr = 0.0007
wd = 1e-06
lambda1_dim1 = 0.0003
lambda2_dim1 = 0.05
lambda1_dim2 = 0.0008
lambda2_dim2 = 0.05
