2020-04-15 19:23:48.328424
Model name: diabnet/models/model-32-sp-soft-label-positives-1000-dropout0-05-bn-decay-065.pth

Confusion matrix:
[[122.  20.]
 [ 10.  28.]]

T Loss: 0.46604527831077575

T Loss(reg): 0.8284363508224487

V Loss: 0.5551955898602804

l1_neurons = 32
l2_neurons = 0
l3_neurons = 0
dp0 = 0.5
dp1 = 0.0
dp2 = 0
dp3 = 0
lr = 0.0007
wd = 1e-06
lambda1_dim1 = 0.0003
lambda2_dim1 = 0.05
lambda1_dim2 = 0.0008
lambda2_dim2 = 0.05
