2020-03-06 17:19:27.889573
Model name: diabnet/models/model-sp-soft-label-positives-1000-decay-004.pth'

Confusion matrix:
[[123.53333333  12.46666667]
 [  8.9         35.1       ]]

T Loss: 0.4647480368614197

T Loss(reg): 0.7887215971946716

V Loss: 0.4969694796535704

l1_neurons = 256
l2_neurons = 0
l3_neurons = 0
dp0 = 0
dp1 = 0.5
dp2 = 0
dp3 = 0
lr = 0.0007
wd = 1e-06
lambda1_dim1 = 0.0003
lambda2_dim1 = 0.05
lambda1_dim2 = 0.0008
lambda2_dim2 = 0.05
