2020-03-31 13:47:03.432786
Model name: diabnet/models/model-sp-soft-label-negatives-1000-dropout005-decay-024.pth'

Confusion matrix:
[[108.03333333  27.96666667]
 [ 37.3          6.7       ]]

T Loss: 0.47421090602874755

T Loss(reg): 0.7698414087295532

V Loss: 0.8235948072539435

l1_neurons = 128
l2_neurons = 0
l3_neurons = 0
dp0 = 0
dp1 = 0.05
dp2 = 0
dp3 = 0
lr = 0.0007
wd = 1e-06
lambda1_dim1 = 0.0003
lambda2_dim1 = 0.05
lambda1_dim2 = 0.0008
lambda2_dim2 = 0.05
