2020-03-31 12:53:36.648770
Model name: diabnet/models/model-sp-soft-label-negatives-1000-dropout005-decay-008.pth'

Confusion matrix:
[[106.33333333  30.66666667]
 [ 31.56666667  11.43333333]]

T Loss: 0.4826004385948181

T Loss(reg): 0.7788754343986511

V Loss: 0.8686273396015167

l1_neurons = 128
l2_neurons = 0
l3_neurons = 0
dp0 = 0
dp1 = 0.05
dp2 = 0
dp3 = 0
lr = 0.0007
wd = 1e-06
lambda1_dim1 = 0.0003
lambda2_dim1 = 0.05
lambda1_dim2 = 0.0008
lambda2_dim2 = 0.05
