2020-03-31 14:51:57.841048
Model name: diabnet/models/model-sp-soft-label-negatives-1000-dropout005-decay-041.pth'

Confusion matrix:
[[102.2         28.8       ]
 [ 37.63333333  11.36666667]]

T Loss: 0.4938531756401062

T Loss(reg): 0.7845322966575623

V Loss: 0.8088524990611606

l1_neurons = 128
l2_neurons = 0
l3_neurons = 0
dp0 = 0
dp1 = 0.05
dp2 = 0
dp3 = 0
lr = 0.0007
wd = 1e-06
lambda1_dim1 = 0.0003
lambda2_dim1 = 0.05
lambda1_dim2 = 0.0008
lambda2_dim2 = 0.05
