2020-09-14 16:06:37.897844
Model name: diabnet/models/model-6-soft-label-age-positives-1000-dropout0-bn-decay-flood-hyperopt-batch256-adamw-lc1-20200914-061.pth

Accuracy: 0.9055555555555556

Balanced Accuracy: 0.8129251700680271

ECE: 0.06033814698457718

MCE: 0.2713686227798462

AUC-ROC: 0.9198103483817769

AVG-PREC: 0.8111202673398937

Confusion matrix:
[[141   6]
 [ 11  22]]

T Loss: 0.22098208112376078

T Loss(reg): 0.2220531233719417

V Loss: 0.4044364094734192

hidden_neurons = 6
dropout = 0.08658128211832698
lr = 0.002530315363231387
eps = 1.6516808099564973e-07
wd = 7.141119204788848e-05
lambda1_dim1 = 1.669665721023354e-06
lambda2_dim1 = 6.368583640194637e-07
lambda1_dim2 = 2.0342028053277926e-08
lambda2_dim2 = 2.0678941459740793e-11
flood_penalty = 0.18613187374510126
soft_label_alpha = 0.10348253777080188
sched-steps = 22
sched-gamma = 0.6213666892994011
beta1 = 0.9
beta2 = 0.999
batch_size = 256
