2020-03-31 14:58:55.326755
Model name: diabnet/models/model-sp-soft-label-negatives-1000-dropout005-decay-043.pth'

Confusion matrix:
[[114.06666667  20.93333333]
 [ 37.63333333   7.36666667]]

T Loss: 0.5141740322113038

T Loss(reg): 0.8060043454170227

V Loss: 0.7905139519108666

l1_neurons = 128
l2_neurons = 0
l3_neurons = 0
dp0 = 0
dp1 = 0.05
dp2 = 0
dp3 = 0
lr = 0.0007
wd = 1e-06
lambda1_dim1 = 0.0003
lambda2_dim1 = 0.05
lambda1_dim2 = 0.0008
lambda2_dim2 = 0.05
