2020-04-03 19:49:38.475759
Model name: diabnet/models/model-sp-soft-label-random-1000-dropout005-decay-089.pth

Confusion matrix:
[[99.96666667 41.03333333]
 [28.23333333 10.76666667]]

T Loss: 0.476883727312088

T Loss(reg): 0.780570900440216

V Loss: 0.8083064827654097

l1_neurons = 128
l2_neurons = 0
l3_neurons = 0
dp0 = 0
dp1 = 0.05
dp2 = 0
dp3 = 0
lr = 0.0007
wd = 1e-06
lambda1_dim1 = 0.0003
lambda2_dim1 = 0.05
lambda1_dim2 = 0.0008
lambda2_dim2 = 0.05
