2020-09-15 16:44:53.823655
Model name: diabnet/models/model-6-soft-label-age-random-1000-dropout0-bn-decay-flood-hyperopt-ax-batch256-adamw-lc1-20200915-041.pth

Accuracy: 0.6666666666666666

Balanced Accuracy: 0.5093167701863354

ECE: 0.1704404354095459

MCE: 0.8635717034339905

AUC-ROC: 0.5591787439613527

AVG-PREC: 0.260846693290008

Confusion matrix:
[[111  27]
 [ 33   9]]

T Loss: 0.4195374292986734

T Loss(reg): 0.4209104818957193

V Loss: 0.6897022128105164

hidden_neurons = 6
dropout = 0.08658128211832698
lr = 0.002530315363231387
eps = 1.6516808099564973e-07
wd = 7.141119204788848e-05
lambda1_dim1 = 1.669665721023354e-06
lambda2_dim1 = 6.368583640194637e-07
lambda1_dim2 = 2.0342028053277926e-08
lambda2_dim2 = 2.0678941459740793e-11
flood_penalty = 0.18613187374510126
soft_label_alpha = 0.10348253777080188
sched-steps = 22
sched-gamma = 0.6213666892994011
beta1 = 0.9
beta2 = 0.999
batch_size = 256
