2020-04-09 15:15:44.693821
Model name: diabnet/models/model-sp-soft-label-positives-1000-nodropout-bn-decay-059.pth

Confusion matrix:
[[123.  10.]
 [ 13.  34.]]

T Loss: 0.4320629835128784

T Loss(reg): 0.8401213407516479

V Loss: 0.5218263268470764

l1_neurons = 128
l2_neurons = 0
l3_neurons = 0
dp0 = 0
dp1 = 0.0
dp2 = 0
dp3 = 0
lr = 0.0007
wd = 1e-06
lambda1_dim1 = 0.0003
lambda2_dim1 = 0.05
lambda1_dim2 = 0.0008
lambda2_dim2 = 0.05
