2020-09-15 18:07:28.138910
Model name: diabnet/models/model-6-soft-label-age-randomized_positives-1000-dropout0-bn-decay-flood-hyperopt-ax-batch256-adamw-lc1-20200915-053.pth

Accuracy: 0.7222222222222222

Balanced Accuracy: 0.5856052344601963

ECE: 0.11619391292333603

MCE: 0.9299687147140503

AUC-ROC: 0.7002648387599314

AVG-PREC: 0.4294399502219298

Confusion matrix:
[[116  15]
 [ 35  14]]

T Loss: 0.35342961975506376

T Loss(reg): 0.3547681910651071

V Loss: 0.6867965459823608

hidden_neurons = 6
dropout = 0.08658128211832698
lr = 0.002530315363231387
eps = 1.6516808099564973e-07
wd = 7.141119204788848e-05
lambda1_dim1 = 1.669665721023354e-06
lambda2_dim1 = 6.368583640194637e-07
lambda1_dim2 = 2.0342028053277926e-08
lambda2_dim2 = 2.0678941459740793e-11
flood_penalty = 0.18613187374510126
soft_label_alpha = 0.10348253777080188
sched-steps = 22
sched-gamma = 0.6213666892994011
beta1 = 0.9
beta2 = 0.999
batch_size = 256
