2020-03-31 18:45:03.863577
Model name: diabnet/models/model-sp-soft-label-negatives-1000-dropout005-decay-076.pth'

Confusion matrix:
[[94.7        42.3       ]
 [33.56666667  9.43333333]]

T Loss: 0.47781569361686704

T Loss(reg): 0.7849504947662354

V Loss: 0.8793719900978936

l1_neurons = 128
l2_neurons = 0
l3_neurons = 0
dp0 = 0
dp1 = 0.05
dp2 = 0
dp3 = 0
lr = 0.0007
wd = 1e-06
lambda1_dim1 = 0.0003
lambda2_dim1 = 0.05
lambda1_dim2 = 0.0008
lambda2_dim2 = 0.05
