2020-03-06 18:10:00.467844
Model name: diabnet/models/model-sp-soft-label-positives-1000-decay-018.pth'

Confusion matrix:
[[125.53333333   8.46666667]
 [ 15.53333333  30.46666667]]

T Loss: 0.4444602966308594

T Loss(reg): 0.7789475083351135

V Loss: 0.5323874678876664

l1_neurons = 256
l2_neurons = 0
l3_neurons = 0
dp0 = 0
dp1 = 0.5
dp2 = 0
dp3 = 0
lr = 0.0007
wd = 1e-06
lambda1_dim1 = 0.0003
lambda2_dim1 = 0.05
lambda1_dim2 = 0.0008
lambda2_dim2 = 0.05
