2020-04-29 16:31:30.728645
Model name: diabnet/models/model-32-sp-soft-label-randomized_positives-1000-dropout0-05-bn-decay-flood-099.pth

Confusion matrix:
[[107.  34.]
 [ 25.  14.]]

T Loss: 0.5190803825855255

T Loss(reg): 0.8627914428710938

V Loss: 0.7107094526290894

l1_neurons = 32
l2_neurons = 0
l3_neurons = 0
dp0 = 0.5
dp1 = 0.0
dp2 = 0
dp3 = 0
lr = 0.0007
wd = 1e-06
lambda1_dim1 = 0.0003
lambda2_dim1 = 0.05
lambda1_dim2 = 0.0008
lambda2_dim2 = 0.05
