2020-04-28 13:36:03.794897
Model name: diabnet/models/model-32-sp-soft-label-negatives-1000-dropout0-05-bn-decay-flood-072.pth

Confusion matrix:
[[106.  27.]
 [ 38.   9.]]

T Loss: 0.5520310997962952

T Loss(reg): 0.8552245378494263

V Loss: 0.7582883636156718

l1_neurons = 32
l2_neurons = 0
l3_neurons = 0
dp0 = 0.5
dp1 = 0.0
dp2 = 0
dp3 = 0
lr = 0.0007
wd = 1e-06
lambda1_dim1 = 0.0003
lambda2_dim1 = 0.05
lambda1_dim2 = 0.0008
lambda2_dim2 = 0.05
