2020-09-14 15:47:22.379918
Model name: diabnet/models/model-6-soft-label-age-positives-1000-dropout0-bn-decay-flood-hyperopt-batch256-adamw-lc1-20200914-021.pth

Accuracy: 0.9111111111111111

Balanced Accuracy: 0.8592132505175983

ECE: 0.04574045166373253

MCE: 0.3410069942474365

AUC-ROC: 0.9497929606625259

AVG-PREC: 0.8859515181871653

Confusion matrix:
[[132   6]
 [ 10  32]]

T Loss: 0.2181972073657172

T Loss(reg): 0.21926018169948033

V Loss: 0.382858544588089

hidden_neurons = 6
dropout = 0.08658128211832698
lr = 0.002530315363231387
eps = 1.6516808099564973e-07
wd = 7.141119204788848e-05
lambda1_dim1 = 1.669665721023354e-06
lambda2_dim1 = 6.368583640194637e-07
lambda1_dim2 = 2.0342028053277926e-08
lambda2_dim2 = 2.0678941459740793e-11
flood_penalty = 0.18613187374510126
soft_label_alpha = 0.10348253777080188
sched-steps = 22
sched-gamma = 0.6213666892994011
beta1 = 0.9
beta2 = 0.999
batch_size = 256
