2020-04-14 10:45:59.375864
Model name: diabnet/models/model-sp-soft-label-negatives-1000-dropout0-05-bn-decay-003.pth

Confusion matrix:
[[109.  27.]
 [ 33.  11.]]

T Loss: 0.4616343259811401

T Loss(reg): 0.7601839065551758

V Loss: 0.8192731340726217

l1_neurons = 128
l2_neurons = 0
l3_neurons = 0
dp0 = 0.5
dp1 = 0.0
dp2 = 0
dp3 = 0
lr = 0.0007
wd = 1e-06
lambda1_dim1 = 0.0003
lambda2_dim1 = 0.05
lambda1_dim2 = 0.0008
lambda2_dim2 = 0.05
