2020-03-24 14:38:23.777513
Model name: diabnet/models/model-sp-soft-label-positives-1000-dropout005-decay-016.pth'

Confusion matrix:
[[120.33333333  21.66666667]
 [  6.3         31.7       ]]

T Loss: 0.43375867009162905

T Loss(reg): 0.8267199754714966

V Loss: 0.5514787620968289

l1_neurons = 128
l2_neurons = 0
l3_neurons = 0
dp0 = 0
dp1 = 0.05
dp2 = 0
dp3 = 0
lr = 0.0007
wd = 1e-06
lambda1_dim1 = 0.0003
lambda2_dim1 = 0.05
lambda1_dim2 = 0.0008
lambda2_dim2 = 0.05
