2020-04-28 09:35:13.145842
Model name: diabnet/models/model-32-sp-soft-label-negatives-1000-dropout0-05-bn-decay-flood-007.pth

Confusion matrix:
[[114.  25.]
 [ 33.   8.]]

T Loss: 0.5435917496681213

T Loss(reg): 0.8331282615661622

V Loss: 0.7213036417961121

l1_neurons = 32
l2_neurons = 0
l3_neurons = 0
dp0 = 0.5
dp1 = 0.0
dp2 = 0
dp3 = 0
lr = 0.0007
wd = 1e-06
lambda1_dim1 = 0.0003
lambda2_dim1 = 0.05
lambda1_dim2 = 0.0008
lambda2_dim2 = 0.05
