2020-04-03 20:23:51.888182
Model name: diabnet/models/model-sp-soft-label-random-1000-dropout005-decay-099.pth

Confusion matrix:
[[111.66666667  28.33333333]
 [ 30.          10.        ]]

T Loss: 0.5448530316352844

T Loss(reg): 0.8080582976341247

V Loss: 0.7623539427916209

l1_neurons = 128
l2_neurons = 0
l3_neurons = 0
dp0 = 0
dp1 = 0.05
dp2 = 0
dp3 = 0
lr = 0.0007
wd = 1e-06
lambda1_dim1 = 0.0003
lambda2_dim1 = 0.05
lambda1_dim2 = 0.0008
lambda2_dim2 = 0.05
