2020-03-06 21:03:35.443513
Model name: diabnet/models/model-sp-soft-label-positives-1000-decay-069.pth'

Confusion matrix:
[[133.56666667  17.43333333]
 [  7.33333333  21.66666667]]

T Loss: 0.44973260164260864

T Loss(reg): 0.8074601650238037

V Loss: 0.5491465999020471

l1_neurons = 256
l2_neurons = 0
l3_neurons = 0
dp0 = 0
dp1 = 0.5
dp2 = 0
dp3 = 0
lr = 0.0007
wd = 1e-06
lambda1_dim1 = 0.0003
lambda2_dim1 = 0.05
lambda1_dim2 = 0.0008
lambda2_dim2 = 0.05
