2020-03-06 20:39:44.728160
Model name: diabnet/models/model-sp-soft-label-positives-1000-decay-062.pth'

Confusion matrix:
[[133.4         12.6       ]
 [  7.76666667  26.23333333]]

T Loss: 0.45044451355934145

T Loss(reg): 0.7786253452301025

V Loss: 0.5240677475929261

l1_neurons = 256
l2_neurons = 0
l3_neurons = 0
dp0 = 0
dp1 = 0.5
dp2 = 0
dp3 = 0
lr = 0.0007
wd = 1e-06
lambda1_dim1 = 0.0003
lambda2_dim1 = 0.05
lambda1_dim2 = 0.0008
lambda2_dim2 = 0.05
