2020-04-07 15:11:00.496618
Model name: diabnet/models/model-sp-soft-label-negative-1000-nodropout-decay-062.pth

Confusion matrix:
[[104.  30.]
 [ 33.  13.]]

T Loss: 0.4927681446075439

T Loss(reg): 0.7959537029266357

V Loss: 0.8108901977539062

l1_neurons = 128
l2_neurons = 0
l3_neurons = 0
dp0 = 0
dp1 = 0.0
dp2 = 0
dp3 = 0
lr = 0.0007
wd = 1e-06
lambda1_dim1 = 0.0003
lambda2_dim1 = 0.05
lambda1_dim2 = 0.0008
lambda2_dim2 = 0.05
