2020-04-10 00:43:11.903455
Model name: diabnet/models/model-sp-soft-label-negatives-1000-nodropout-bn-decay-098.pth

Confusion matrix:
[[86. 48.]
 [27. 19.]]

T Loss: 0.36656351685523986

T Loss(reg): 0.6986555695533753

V Loss: 0.9502547979354858

l1_neurons = 128
l2_neurons = 0
l3_neurons = 0
dp0 = 0
dp1 = 0.0
dp2 = 0
dp3 = 0
lr = 0.0007
wd = 1e-06
lambda1_dim1 = 0.0003
lambda2_dim1 = 0.05
lambda1_dim2 = 0.0008
lambda2_dim2 = 0.05
