2020-04-13 17:30:28.727893
Model name: diabnet/models/model-sp-soft-label-random-1000-dropout0-05-bn-decay-012.pth

Confusion matrix:
[[107.  41.]
 [ 26.   6.]]

T Loss: 0.37307575941085813

T Loss(reg): 0.7008029699325562

V Loss: 0.9544424414634705

l1_neurons = 128
l2_neurons = 0
l3_neurons = 0
dp0 = 0.5
dp1 = 0.0
dp2 = 0
dp3 = 0
lr = 0.0007
wd = 1e-06
lambda1_dim1 = 0.0003
lambda2_dim1 = 0.05
lambda1_dim2 = 0.0008
lambda2_dim2 = 0.05
