2020-09-15 18:11:24.800952
Model name: diabnet/models/model-6-soft-label-age-randomized_positives-1000-dropout0-bn-decay-flood-hyperopt-ax-batch256-adamw-lc1-20200915-063.pth

Accuracy: 0.7555555555555555

Balanced Accuracy: 0.5928571428571429

ECE: 0.13351327180862427

MCE: 0.7944433093070984

AUC-ROC: 0.6101785714285715

AVG-PREC: 0.3357344595286119

Confusion matrix:
[[124  16]
 [ 28  12]]

T Loss: 0.34216550844056265

T Loss(reg): 0.34351969616753714

V Loss: 0.6793574690818787

hidden_neurons = 6
dropout = 0.08658128211832698
lr = 0.002530315363231387
eps = 1.6516808099564973e-07
wd = 7.141119204788848e-05
lambda1_dim1 = 1.669665721023354e-06
lambda2_dim1 = 6.368583640194637e-07
lambda1_dim2 = 2.0342028053277926e-08
lambda2_dim2 = 2.0678941459740793e-11
flood_penalty = 0.18613187374510126
soft_label_alpha = 0.10348253777080188
sched-steps = 22
sched-gamma = 0.6213666892994011
beta1 = 0.9
beta2 = 0.999
batch_size = 256
