2020-09-15 17:57:13.947691
Model name: diabnet/models/model-6-soft-label-age-randomized_positives-1000-dropout0-bn-decay-flood-hyperopt-ax-batch256-adamw-lc1-20200915-027.pth

Accuracy: 0.6833333333333333

Balanced Accuracy: 0.552622644712273

ECE: 0.16665582358837128

MCE: 0.9581372737884521

AUC-ROC: 0.5949753861823119

AVG-PREC: 0.32035101856275483

Confusion matrix:
[[110  27]
 [ 30  13]]

T Loss: 0.3366987875529698

T Loss(reg): 0.338048266513007

V Loss: 0.7040838599205017

hidden_neurons = 6
dropout = 0.08658128211832698
lr = 0.002530315363231387
eps = 1.6516808099564973e-07
wd = 7.141119204788848e-05
lambda1_dim1 = 1.669665721023354e-06
lambda2_dim1 = 6.368583640194637e-07
lambda1_dim2 = 2.0342028053277926e-08
lambda2_dim2 = 2.0678941459740793e-11
flood_penalty = 0.18613187374510126
soft_label_alpha = 0.10348253777080188
sched-steps = 22
sched-gamma = 0.6213666892994011
beta1 = 0.9
beta2 = 0.999
batch_size = 256
