2020-04-15 16:44:02.971201
Model name: diabnet/models/model-32-sp-soft-label-positives-1000-dropout0-05-bn-decay-019.pth

Confusion matrix:
[[121.  19.]
 [ 10.  30.]]

T Loss: 0.45730315446853637

T Loss(reg): 0.8089298367500305

V Loss: 0.5744085113207499

l1_neurons = 32
l2_neurons = 0
l3_neurons = 0
dp0 = 0.5
dp1 = 0.0
dp2 = 0
dp3 = 0
lr = 0.0007
wd = 1e-06
lambda1_dim1 = 0.0003
lambda2_dim1 = 0.05
lambda1_dim2 = 0.0008
lambda2_dim2 = 0.05
