2020-03-16 20:18:46.555661
Model name: diabnet/models/model-sp-soft-label-positives-1000-nodropout-decay-090.pth'

Confusion matrix:
[[120.  17.]
 [ 15.  28.]]

T Loss: 0.4443810939788818

T Loss(reg): 0.8230991840362549

V Loss: 0.5634173154830933

l1_neurons = 128
l2_neurons = 0
l3_neurons = 0
dp0 = 0
dp1 = 0.0
dp2 = 0
dp3 = 0
lr = 0.0007
wd = 1e-06
lambda1_dim1 = 0.0003
lambda2_dim1 = 0.05
lambda1_dim2 = 0.0008
lambda2_dim2 = 0.05
