2020-04-03 16:41:56.708437
Model name: diabnet/models/model-sp-soft-label-random-1000-dropout005-decay-034.pth

Confusion matrix:
[[99.03333333 36.96666667]
 [33.63333333 10.36666667]]

T Loss: 0.4684308886528015

T Loss(reg): 0.7752331376075745

V Loss: 0.8385824448532528

l1_neurons = 128
l2_neurons = 0
l3_neurons = 0
dp0 = 0
dp1 = 0.05
dp2 = 0
dp3 = 0
lr = 0.0007
wd = 1e-06
lambda1_dim1 = 0.0003
lambda2_dim1 = 0.05
lambda1_dim2 = 0.0008
lambda2_dim2 = 0.05
