2020-03-24 15:01:35.900581
Model name: diabnet/models/model-sp-soft-label-positives-1000-dropout005-decay-023.pth'

Confusion matrix:
[[114.73333333  18.26666667]
 [ 13.6         33.4       ]]

T Loss: 0.4481234550476074

T Loss(reg): 0.8097495555877685

V Loss: 0.597691590918435

l1_neurons = 128
l2_neurons = 0
l3_neurons = 0
dp0 = 0
dp1 = 0.05
dp2 = 0
dp3 = 0
lr = 0.0007
wd = 1e-06
lambda1_dim1 = 0.0003
lambda2_dim1 = 0.05
lambda1_dim2 = 0.0008
lambda2_dim2 = 0.05
