2020-04-13 15:40:56.276016
Model name: diabnet/models/model-sp-soft-label-positives-1000-dropout0-05-bn-decay-086.pth

Confusion matrix:
[[130.  10.]
 [ 10.  30.]]

T Loss: 0.4439689517021179

T Loss(reg): 0.8344184160232544

V Loss: 0.5027188658714294

l1_neurons = 128
l2_neurons = 0
l3_neurons = 0
dp0 = 0.5
dp1 = 0.0
dp2 = 0
dp3 = 0
lr = 0.0007
wd = 1e-06
lambda1_dim1 = 0.0003
lambda2_dim1 = 0.05
lambda1_dim2 = 0.0008
lambda2_dim2 = 0.05
