2020-03-16 15:44:29.311893
Model name: diabnet/models/model-sp-soft-label-positives-1000-nodropout-decay-010.pth'

Confusion matrix:
[[105.  26.]
 [ 11.  38.]]

T Loss: 0.44956596493721007

T Loss(reg): 0.8554786920547486

V Loss: 0.537257581949234

l1_neurons = 128
l2_neurons = 0
l3_neurons = 0
dp0 = 0
dp1 = 0.0
dp2 = 0
dp3 = 0
lr = 0.0007
wd = 1e-06
lambda1_dim1 = 0.0003
lambda2_dim1 = 0.05
lambda1_dim2 = 0.0008
lambda2_dim2 = 0.05
