2020-03-06 18:20:35.571039
Model name: diabnet/models/model-sp-soft-label-positives-1000-decay-021.pth'

Confusion matrix:
[[124.2         14.8       ]
 [ 16.63333333  24.36666667]]

T Loss: 0.4437271416187286

T Loss(reg): 0.7679893970489502

V Loss: 0.5750873761044608

l1_neurons = 256
l2_neurons = 0
l3_neurons = 0
dp0 = 0
dp1 = 0.5
dp2 = 0
dp3 = 0
lr = 0.0007
wd = 1e-06
lambda1_dim1 = 0.0003
lambda2_dim1 = 0.05
lambda1_dim2 = 0.0008
lambda2_dim2 = 0.05
