2020-04-15 13:40:52.462751
Model name: diabnet/models/model-32-sp-soft-label-negatives-1000-dropout0-05-bn-decay-071.pth

Confusion matrix:
[[100.  33.]
 [ 39.   8.]]

T Loss: 0.5697936058044434

T Loss(reg): 0.846580159664154

V Loss: 0.7771196762720743

l1_neurons = 32
l2_neurons = 0
l3_neurons = 0
dp0 = 0.5
dp1 = 0.0
dp2 = 0
dp3 = 0
lr = 0.0007
wd = 1e-06
lambda1_dim1 = 0.0003
lambda2_dim1 = 0.05
lambda1_dim2 = 0.0008
lambda2_dim2 = 0.05
