2020-09-15 18:06:40.706392
Model name: diabnet/models/model-6-soft-label-age-randomized_positives-1000-dropout0-bn-decay-flood-hyperopt-ax-batch256-adamw-lc1-20200915-051.pth

Accuracy: 0.7888888888888889

Balanced Accuracy: 0.6857142857142857

ECE: 0.1427895426750183

MCE: 0.6294839382171631

AUC-ROC: 0.7074999999999999

AVG-PREC: 0.4076615715329092

Confusion matrix:
[[122  18]
 [ 20  20]]

T Loss: 0.35752525499888826

T Loss(reg): 0.3588986950261252

V Loss: 0.6244023442268372

hidden_neurons = 6
dropout = 0.08658128211832698
lr = 0.002530315363231387
eps = 1.6516808099564973e-07
wd = 7.141119204788848e-05
lambda1_dim1 = 1.669665721023354e-06
lambda2_dim1 = 6.368583640194637e-07
lambda1_dim2 = 2.0342028053277926e-08
lambda2_dim2 = 2.0678941459740793e-11
flood_penalty = 0.18613187374510126
soft_label_alpha = 0.10348253777080188
sched-steps = 22
sched-gamma = 0.6213666892994011
beta1 = 0.9
beta2 = 0.999
batch_size = 256
