2020-09-15 18:09:49.862545
Model name: diabnet/models/model-6-soft-label-age-randomized_positives-1000-dropout0-bn-decay-flood-hyperopt-ax-batch256-adamw-lc1-20200915-059.pth

Accuracy: 0.6722222222222223

Balanced Accuracy: 0.48207091055600326

ECE: 0.16229785978794098

MCE: 0.5341038107872009

AUC-ROC: 0.5640612409347301

AVG-PREC: 0.28743100479276923

Confusion matrix:
[[115  31]
 [ 28   6]]

T Loss: 0.35434467451913015

T Loss(reg): 0.3556751992021288

V Loss: 0.6779524087905884

hidden_neurons = 6
dropout = 0.08658128211832698
lr = 0.002530315363231387
eps = 1.6516808099564973e-07
wd = 7.141119204788848e-05
lambda1_dim1 = 1.669665721023354e-06
lambda2_dim1 = 6.368583640194637e-07
lambda1_dim2 = 2.0342028053277926e-08
lambda2_dim2 = 2.0678941459740793e-11
flood_penalty = 0.18613187374510126
soft_label_alpha = 0.10348253777080188
sched-steps = 22
sched-gamma = 0.6213666892994011
beta1 = 0.9
beta2 = 0.999
batch_size = 256
