2020-09-15 17:40:25.334827
Model name: diabnet/models/model-6-soft-label-age-negatives-1000-dropout0-bn-decay-flood-hyperopt-ax-batch256-adamw-lc1-20200915-084.pth

Accuracy: 0.6666666666666666

Balanced Accuracy: 0.49059052563270605

ECE: 0.15834683179855347

MCE: 0.7048271894454956

AUC-ROC: 0.5285528877352368

AVG-PREC: 0.2595508326288106

Confusion matrix:
[[114  20]
 [ 40   6]]

T Loss: 0.4326651522091457

T Loss(reg): 0.4340137072971889

V Loss: 0.7222743630409241

hidden_neurons = 6
dropout = 0.08658128211832698
lr = 0.002530315363231387
eps = 1.6516808099564973e-07
wd = 7.141119204788848e-05
lambda1_dim1 = 1.669665721023354e-06
lambda2_dim1 = 6.368583640194637e-07
lambda1_dim2 = 2.0342028053277926e-08
lambda2_dim2 = 2.0678941459740793e-11
flood_penalty = 0.18613187374510126
soft_label_alpha = 0.10348253777080188
sched-steps = 22
sched-gamma = 0.6213666892994011
beta1 = 0.9
beta2 = 0.999
batch_size = 256
