2020-09-15 18:21:41.539429
Model name: diabnet/models/model-6-soft-label-age-randomized_positives-1000-dropout0-bn-decay-flood-hyperopt-ax-batch256-adamw-lc1-20200915-089.pth

Accuracy: 0.7111111111111111

Balanced Accuracy: 0.5710227272727273

ECE: 0.13360381126403809

MCE: 0.5624244809150696

AUC-ROC: 0.6928661616161615

AVG-PREC: 0.44693825397606146

Confusion matrix:
[[115  17]
 [ 35  13]]

T Loss: 0.36661578927721294

T Loss(reg): 0.36795102272714886

V Loss: 0.6611018776893616

hidden_neurons = 6
dropout = 0.08658128211832698
lr = 0.002530315363231387
eps = 1.6516808099564973e-07
wd = 7.141119204788848e-05
lambda1_dim1 = 1.669665721023354e-06
lambda2_dim1 = 6.368583640194637e-07
lambda1_dim2 = 2.0342028053277926e-08
lambda2_dim2 = 2.0678941459740793e-11
flood_penalty = 0.18613187374510126
soft_label_alpha = 0.10348253777080188
sched-steps = 22
sched-gamma = 0.6213666892994011
beta1 = 0.9
beta2 = 0.999
batch_size = 256
