2020-04-07 14:48:45.168034
Model name: diabnet/models/model-sp-soft-label-negative-1000-nodropout-decay-059.pth

Confusion matrix:
[[106.  33.]
 [ 32.   9.]]

T Loss: 0.49688018560409547

T Loss(reg): 0.7988583326339722

V Loss: 0.7663864493370056

l1_neurons = 128
l2_neurons = 0
l3_neurons = 0
dp0 = 0
dp1 = 0.0
dp2 = 0
dp3 = 0
lr = 0.0007
wd = 1e-06
lambda1_dim1 = 0.0003
lambda2_dim1 = 0.05
lambda1_dim2 = 0.0008
lambda2_dim2 = 0.05
