2020-03-24 17:24:38.863379
Model name: diabnet/models/model-sp-soft-label-positives-1000-dropout005-decay-066.pth'

Confusion matrix:
[[130.2         13.8       ]
 [  8.46666667  27.53333333]]

T Loss: 0.44714281558990476

T Loss(reg): 0.8146647453308106

V Loss: 0.5102701448731952

l1_neurons = 128
l2_neurons = 0
l3_neurons = 0
dp0 = 0
dp1 = 0.05
dp2 = 0
dp3 = 0
lr = 0.0007
wd = 1e-06
lambda1_dim1 = 0.0003
lambda2_dim1 = 0.05
lambda1_dim2 = 0.0008
lambda2_dim2 = 0.05
