2020-04-09 20:11:24.358562
Model name: diabnet/models/model-sp-soft-label-negatives-1000-nodropout-bn-decay-020.pth

Confusion matrix:
[[89. 45.]
 [29. 17.]]

T Loss: 0.35482614636421206

T Loss(reg): 0.6847493529319764

V Loss: 1.0075921018918355

l1_neurons = 128
l2_neurons = 0
l3_neurons = 0
dp0 = 0
dp1 = 0.0
dp2 = 0
dp3 = 0
lr = 0.0007
wd = 1e-06
lambda1_dim1 = 0.0003
lambda2_dim1 = 0.05
lambda1_dim2 = 0.0008
lambda2_dim2 = 0.05
