2020-03-06 20:36:21.772069
Model name: diabnet/models/model-sp-soft-label-positives-1000-decay-061.pth'

Confusion matrix:
[[123.9         13.1       ]
 [ 15.16666667  27.83333333]]

T Loss: 0.44057283401489256

T Loss(reg): 0.7851332664489746

V Loss: 0.5705952637725407

l1_neurons = 256
l2_neurons = 0
l3_neurons = 0
dp0 = 0
dp1 = 0.5
dp2 = 0
dp3 = 0
lr = 0.0007
wd = 1e-06
lambda1_dim1 = 0.0003
lambda2_dim1 = 0.05
lambda1_dim2 = 0.0008
lambda2_dim2 = 0.05
