2020-03-31 20:22:16.167427
Model name: diabnet/models/model-sp-soft-label-negatives-1000-dropout005-decay-092.pth'

Confusion matrix:
[[108.66666667  28.33333333]
 [ 33.63333333   9.36666667]]

T Loss: 0.5154528856277466

T Loss(reg): 0.8024233698844909

V Loss: 0.8023229804303911

l1_neurons = 128
l2_neurons = 0
l3_neurons = 0
dp0 = 0
dp1 = 0.05
dp2 = 0
dp3 = 0
lr = 0.0007
wd = 1e-06
lambda1_dim1 = 0.0003
lambda2_dim1 = 0.05
lambda1_dim2 = 0.0008
lambda2_dim2 = 0.05
