2020-09-15 17:42:46.484841
Model name: diabnet/models/model-6-soft-label-age-negatives-1000-dropout0-bn-decay-flood-hyperopt-ax-batch256-adamw-lc1-20200915-090.pth

Accuracy: 0.7

Balanced Accuracy: 0.46059346059346057

ECE: 0.15012693405151367

MCE: 0.7708703279495239

AUC-ROC: 0.5021735021735022

AVG-PREC: 0.2075880769656579

Confusion matrix:
[[124  19]
 [ 35   2]]

T Loss: 0.41454607248306274

T Loss(reg): 0.4159068763256073

V Loss: 0.6954739093780518

hidden_neurons = 6
dropout = 0.08658128211832698
lr = 0.002530315363231387
eps = 1.6516808099564973e-07
wd = 7.141119204788848e-05
lambda1_dim1 = 1.669665721023354e-06
lambda2_dim1 = 6.368583640194637e-07
lambda1_dim2 = 2.0342028053277926e-08
lambda2_dim2 = 2.0678941459740793e-11
flood_penalty = 0.18613187374510126
soft_label_alpha = 0.10348253777080188
sched-steps = 22
sched-gamma = 0.6213666892994011
beta1 = 0.9
beta2 = 0.999
batch_size = 256
