2020-03-24 16:37:57.196375
Model name: diabnet/models/model-sp-soft-label-positives-1000-dropout005-decay-052.pth'

Confusion matrix:
[[130.06666667  17.93333333]
 [  9.03333333  22.96666667]]

T Loss: 0.442958790063858

T Loss(reg): 0.8239940762519836

V Loss: 0.5440403127008014

l1_neurons = 128
l2_neurons = 0
l3_neurons = 0
dp0 = 0
dp1 = 0.05
dp2 = 0
dp3 = 0
lr = 0.0007
wd = 1e-06
lambda1_dim1 = 0.0003
lambda2_dim1 = 0.05
lambda1_dim2 = 0.0008
lambda2_dim2 = 0.05
