2020-09-15 16:01:25.330627
Model name: diabnet/models/model-6-soft-label-age-positives-1000-dropout0-bn-decay-flood-hyperopt-ax-batch256-adamw-lc1-20200915-030.pth

Accuracy: 0.9333333333333333

Balanced Accuracy: 0.910472972972973

ECE: 0.07784797251224518

MCE: 0.2650206685066223

AUC-ROC: 0.9524915540540542

AVG-PREC: 0.9013338821077591

Confusion matrix:
[[140   8]
 [  4  28]]

T Loss: 0.33177158662251066

T Loss(reg): 0.3330932600157602

V Loss: 0.3608657121658325

hidden_neurons = 6
dropout = 0.08658128211832698
lr = 0.002530315363231387
eps = 1.6516808099564973e-07
wd = 7.141119204788848e-05
lambda1_dim1 = 1.669665721023354e-06
lambda2_dim1 = 6.368583640194637e-07
lambda1_dim2 = 2.0342028053277926e-08
lambda2_dim2 = 2.0678941459740793e-11
flood_penalty = 0.18613187374510126
soft_label_alpha = 0.10348253777080188
sched-steps = 22
sched-gamma = 0.6213666892994011
beta1 = 0.9
beta2 = 0.999
batch_size = 256
