title = "Teste de uma rede neural"
description = ""

[params]
hidden-neurons=3
dropout=0.30013148189210587
lr=0.1
eps=1.8138735430163045e-05
wd=5.930970604731849e-09
lambda1-dim1=1.2081039532576856e-06
lambda2-dim1=1.258871808651192e-07
lambda1-dim2=4.6453614513606436e-10
lambda2-dim2=1.6616646247171703e-09
flood-penalty=0.18364269209562953
soft-label-topline=0.911263871380238
soft-label-baseline=0.3374284781709524
sched-steps=91
sched-gamma=0.725687932923327
beta1=0.9
beta2=0.999
batch-size=256
optimizer="radam"
lc-layer="lc1"

[run]
epochs=50
ensemble=10

[datasets]
positive=true
random=true
negative=true
shuffled-positive=true
families=true
