2020-04-13 12:20:08.501216
Model name: diabnet/models/model-sp-soft-label-positives-1000-dropout0-05-bn-decay-028.pth

Confusion matrix:
[[110.  27.]
 [  6.  37.]]

T Loss: 0.4431000888347626

T Loss(reg): 0.8399229049682617

V Loss: 0.5496384898821512

l1_neurons = 128
l2_neurons = 0
l3_neurons = 0
dp0 = 0.5
dp1 = 0.0
dp2 = 0
dp3 = 0
lr = 0.0007
wd = 1e-06
lambda1_dim1 = 0.0003
lambda2_dim1 = 0.05
lambda1_dim2 = 0.0008
lambda2_dim2 = 0.05
