2020-04-13 15:27:01.546855
Model name: diabnet/models/model-sp-soft-label-positives-1000-dropout0-05-bn-decay-082.pth

Confusion matrix:
[[118.  16.]
 [ 11.  35.]]

T Loss: 0.44724687933921814

T Loss(reg): 0.8325241804122925

V Loss: 0.5388840238253275

l1_neurons = 128
l2_neurons = 0
l3_neurons = 0
dp0 = 0.5
dp1 = 0.0
dp2 = 0
dp3 = 0
lr = 0.0007
wd = 1e-06
lambda1_dim1 = 0.0003
lambda2_dim1 = 0.05
lambda1_dim2 = 0.0008
lambda2_dim2 = 0.05
