2020-03-24 16:18:02.380061
Model name: diabnet/models/model-sp-soft-label-positives-1000-dropout005-decay-046.pth'

Confusion matrix:
[[124.86666667  15.13333333]
 [ 12.7         27.3       ]]

T Loss: 0.46906126737594606

T Loss(reg): 0.8347150206565856

V Loss: 0.5512171149253845

l1_neurons = 128
l2_neurons = 0
l3_neurons = 0
dp0 = 0
dp1 = 0.05
dp2 = 0
dp3 = 0
lr = 0.0007
wd = 1e-06
lambda1_dim1 = 0.0003
lambda2_dim1 = 0.05
lambda1_dim2 = 0.0008
lambda2_dim2 = 0.05
