2020-04-13 21:32:55.624113
Model name: diabnet/models/model-sp-soft-label-random-1000-dropout0-05-bn-decay-080.pth

Confusion matrix:
[[99. 40.]
 [34.  7.]]

T Loss: 0.4432430386543274

T Loss(reg): 0.7400399446487427

V Loss: 0.8614995082219442

l1_neurons = 128
l2_neurons = 0
l3_neurons = 0
dp0 = 0.5
dp1 = 0.0
dp2 = 0
dp3 = 0
lr = 0.0007
wd = 1e-06
lambda1_dim1 = 0.0003
lambda2_dim1 = 0.05
lambda1_dim2 = 0.0008
lambda2_dim2 = 0.05
