2020-04-14 12:23:48.614888
Model name: diabnet/models/model-sp-soft-label-negatives-1000-dropout0-05-bn-decay-031.pth

Confusion matrix:
[[101.  41.]
 [ 29.   9.]]

T Loss: 0.448636519908905

T Loss(reg): 0.7565815210342407

V Loss: 0.8713257312774658

l1_neurons = 128
l2_neurons = 0
l3_neurons = 0
dp0 = 0.5
dp1 = 0.0
dp2 = 0
dp3 = 0
lr = 0.0007
wd = 1e-06
lambda1_dim1 = 0.0003
lambda2_dim1 = 0.05
lambda1_dim2 = 0.0008
lambda2_dim2 = 0.05
