2020-04-13 15:37:27.795090
Model name: diabnet/models/model-sp-soft-label-positives-1000-dropout0-05-bn-decay-085.pth

Confusion matrix:
[[127.  14.]
 [ 11.  28.]]

T Loss: 0.45052995085716246

T Loss(reg): 0.8363297820091248

V Loss: 0.532714049021403

l1_neurons = 128
l2_neurons = 0
l3_neurons = 0
dp0 = 0.5
dp1 = 0.0
dp2 = 0
dp3 = 0
lr = 0.0007
wd = 1e-06
lambda1_dim1 = 0.0003
lambda2_dim1 = 0.05
lambda1_dim2 = 0.0008
lambda2_dim2 = 0.05
