2020-04-07 09:10:40.577304
Model name: diabnet/models/model-sp-soft-label-negative-1000-nodropout-decay-011.pth

Confusion matrix:
[[100.  43.]
 [ 31.   6.]]

T Loss: 0.5093972623348236

T Loss(reg): 0.8368302464485169

V Loss: 0.8427519003550211

l1_neurons = 128
l2_neurons = 0
l3_neurons = 0
dp0 = 0
dp1 = 0.0
dp2 = 0
dp3 = 0
lr = 0.0007
wd = 1e-06
lambda1_dim1 = 0.0003
lambda2_dim1 = 0.05
lambda1_dim2 = 0.0008
lambda2_dim2 = 0.05
