2020-04-07 11:43:28.294260
Model name: diabnet/models/model-sp-soft-label-negative-1000-nodropout-decay-034.pth

Confusion matrix:
[[110.  34.]
 [ 23.  13.]]

T Loss: 0.4733759522438049

T Loss(reg): 0.7759822130203247

V Loss: 0.7212485869725546

l1_neurons = 128
l2_neurons = 0
l3_neurons = 0
dp0 = 0
dp1 = 0.0
dp2 = 0
dp3 = 0
lr = 0.0007
wd = 1e-06
lambda1_dim1 = 0.0003
lambda2_dim1 = 0.05
lambda1_dim2 = 0.0008
lambda2_dim2 = 0.05
