2020-03-24 18:55:39.966295
Model name: diabnet/models/model-sp-soft-label-positives-1000-dropout005-decay-093.pth'

Confusion matrix:
[[121.93333333  21.06666667]
 [ 12.36666667  24.63333333]]

T Loss: 0.4615261614322662

T Loss(reg): 0.8277416706085206

V Loss: 0.567841641108195

l1_neurons = 128
l2_neurons = 0
l3_neurons = 0
dp0 = 0
dp1 = 0.05
dp2 = 0
dp3 = 0
lr = 0.0007
wd = 1e-06
lambda1_dim1 = 0.0003
lambda2_dim1 = 0.05
lambda1_dim2 = 0.0008
lambda2_dim2 = 0.05
