2020-03-31 20:28:10.837834
Model name: diabnet/models/model-sp-soft-label-negatives-1000-dropout005-decay-093.pth'

Confusion matrix:
[[101.5         30.5       ]
 [ 40.46666667   7.53333333]]

T Loss: 0.472209107875824

T Loss(reg): 0.7756142139434814

V Loss: 0.8959203024705251

l1_neurons = 128
l2_neurons = 0
l3_neurons = 0
dp0 = 0
dp1 = 0.05
dp2 = 0
dp3 = 0
lr = 0.0007
wd = 1e-06
lambda1_dim1 = 0.0003
lambda2_dim1 = 0.05
lambda1_dim2 = 0.0008
lambda2_dim2 = 0.05
