2020-04-03 15:44:38.102538
Model name: diabnet/models/model-sp-soft-label-random-1000-dropout005-decay-017.pth

Confusion matrix:
[[110.5         24.5       ]
 [ 40.46666667   4.53333333]]

T Loss: 0.5107587099075317

T Loss(reg): 0.81234370470047

V Loss: 0.825193229648802

l1_neurons = 128
l2_neurons = 0
l3_neurons = 0
dp0 = 0
dp1 = 0.05
dp2 = 0
dp3 = 0
lr = 0.0007
wd = 1e-06
lambda1_dim1 = 0.0003
lambda2_dim1 = 0.05
lambda1_dim2 = 0.0008
lambda2_dim2 = 0.05
