2020-04-06 13:31:16.592656
Model name: diabnet/models/model-sp-soft-label-random-1000-nodropout-decay-020.pth

Confusion matrix:
[[113.  30.]
 [ 31.   6.]]

T Loss: 0.5169960856437683

T Loss(reg): 0.8205896735191345

V Loss: 0.7463908791542053

l1_neurons = 128
l2_neurons = 0
l3_neurons = 0
dp0 = 0
dp1 = 0.0
dp2 = 0
dp3 = 0
lr = 0.0007
wd = 1e-06
lambda1_dim1 = 0.0003
lambda2_dim1 = 0.05
lambda1_dim2 = 0.0008
lambda2_dim2 = 0.05
