2020-04-09 14:45:03.510291
Model name: diabnet/models/model-sp-soft-label-positives-1000-nodropout-bn-decay-050.pth

Confusion matrix:
[[113.  23.]
 [  5.  39.]]

T Loss: 0.4284590303897858

T Loss(reg): 0.8511775970458985

V Loss: 0.5113138953844706

l1_neurons = 128
l2_neurons = 0
l3_neurons = 0
dp0 = 0
dp1 = 0.0
dp2 = 0
dp3 = 0
lr = 0.0007
wd = 1e-06
lambda1_dim1 = 0.0003
lambda2_dim1 = 0.05
lambda1_dim2 = 0.0008
lambda2_dim2 = 0.05
