2020-03-16 19:28:21.133359
Model name: diabnet/models/model-sp-soft-label-positives-1000-nodropout-decay-075.pth'

Confusion matrix:
[[122.  21.]
 [  7.  30.]]

T Loss: 0.4459554433822632

T Loss(reg): 0.8365123867988586

V Loss: 0.5804992119471232

l1_neurons = 128
l2_neurons = 0
l3_neurons = 0
dp0 = 0
dp1 = 0.0
dp2 = 0
dp3 = 0
lr = 0.0007
wd = 1e-06
lambda1_dim1 = 0.0003
lambda2_dim1 = 0.05
lambda1_dim2 = 0.0008
lambda2_dim2 = 0.05
