2020-04-09 17:11:24.803074
Model name: diabnet/models/model-sp-soft-label-positives-1000-nodropout-bn-decay-093.pth

Confusion matrix:
[[120.  23.]
 [  6.  31.]]

T Loss: 0.4304448127746582

T Loss(reg): 0.8537559509277344

V Loss: 0.5376797517140707

l1_neurons = 128
l2_neurons = 0
l3_neurons = 0
dp0 = 0
dp1 = 0.0
dp2 = 0
dp3 = 0
lr = 0.0007
wd = 1e-06
lambda1_dim1 = 0.0003
lambda2_dim1 = 0.05
lambda1_dim2 = 0.0008
lambda2_dim2 = 0.05
