2020-04-07 09:34:09.069396
Model name: diabnet/models/model-sp-soft-label-negative-1000-nodropout-decay-016.pth

Confusion matrix:
[[98. 42.]
 [32.  8.]]

T Loss: 0.5021511971950531

T Loss(reg): 0.8130502700805664

V Loss: 0.7691152691841125

l1_neurons = 128
l2_neurons = 0
l3_neurons = 0
dp0 = 0
dp1 = 0.0
dp2 = 0
dp3 = 0
lr = 0.0007
wd = 1e-06
lambda1_dim1 = 0.0003
lambda2_dim1 = 0.05
lambda1_dim2 = 0.0008
lambda2_dim2 = 0.05
