2020-03-06 21:20:33.547662
Model name: diabnet/models/model-sp-soft-label-positives-1000-decay-074.pth'

Confusion matrix:
[[115.56666667  16.43333333]
 [ 22.3         25.7       ]]

T Loss: 0.44276038408279417

T Loss(reg): 0.7804868459701538

V Loss: 0.5969027790758344

l1_neurons = 256
l2_neurons = 0
l3_neurons = 0
dp0 = 0
dp1 = 0.5
dp2 = 0
dp3 = 0
lr = 0.0007
wd = 1e-06
lambda1_dim1 = 0.0003
lambda2_dim1 = 0.05
lambda1_dim2 = 0.0008
lambda2_dim2 = 0.05
