2020-04-29 12:35:41.000251
Model name: diabnet/models/model-32-sp-soft-label-randomized_positives-1000-dropout0-05-bn-decay-flood-032.pth

Confusion matrix:
[[105.  38.]
 [ 27.  10.]]

T Loss: 0.5201622605323791

T Loss(reg): 0.8825421333312988

V Loss: 0.7556705673535665

l1_neurons = 32
l2_neurons = 0
l3_neurons = 0
dp0 = 0.5
dp1 = 0.0
dp2 = 0
dp3 = 0
lr = 0.0007
wd = 1e-06
lambda1_dim1 = 0.0003
lambda2_dim1 = 0.05
lambda1_dim2 = 0.0008
lambda2_dim2 = 0.05
