2020-03-31 18:35:35.225887
Model name: diabnet/models/model-sp-soft-label-negatives-1000-dropout005-decay-075.pth'

Confusion matrix:
[[92.7        41.3       ]
 [31.16666667 14.83333333]]

T Loss: 0.4998642325401306

T Loss(reg): 0.8051476120948792

V Loss: 0.8163186444176568

l1_neurons = 128
l2_neurons = 0
l3_neurons = 0
dp0 = 0
dp1 = 0.05
dp2 = 0
dp3 = 0
lr = 0.0007
wd = 1e-06
lambda1_dim1 = 0.0003
lambda2_dim1 = 0.05
lambda1_dim2 = 0.0008
lambda2_dim2 = 0.05
