2020-04-15 16:30:13.225738
Model name: diabnet/models/model-32-sp-soft-label-positives-1000-dropout0-05-bn-decay-015.pth

Confusion matrix:
[[120.  15.]
 [ 11.  34.]]

T Loss: 0.4556272864341736

T Loss(reg): 0.8130963206291199

V Loss: 0.5183987021446228

l1_neurons = 32
l2_neurons = 0
l3_neurons = 0
dp0 = 0.5
dp1 = 0.0
dp2 = 0
dp3 = 0
lr = 0.0007
wd = 1e-06
lambda1_dim1 = 0.0003
lambda2_dim1 = 0.05
lambda1_dim2 = 0.0008
lambda2_dim2 = 0.05
