2020-04-13 16:19:03.963725
Model name: diabnet/models/model-sp-soft-label-positives-1000-dropout0-05-bn-decay-097.pth

Confusion matrix:
[[124.  16.]
 [ 11.  29.]]

T Loss: 0.4348896205425262

T Loss(reg): 0.8342445969581604

V Loss: 0.5685637791951498

l1_neurons = 128
l2_neurons = 0
l3_neurons = 0
dp0 = 0.5
dp1 = 0.0
dp2 = 0
dp3 = 0
lr = 0.0007
wd = 1e-06
lambda1_dim1 = 0.0003
lambda2_dim1 = 0.05
lambda1_dim2 = 0.0008
lambda2_dim2 = 0.05
