2020-03-06 17:48:49.442098
Model name: diabnet/models/model-sp-soft-label-positives-1000-decay-012.pth'

Confusion matrix:
[[126.66666667  17.33333333]
 [  9.63333333  26.36666667]]

T Loss: 0.47330808639526367

T Loss(reg): 0.8018429160118103

V Loss: 0.5459656010071436

l1_neurons = 256
l2_neurons = 0
l3_neurons = 0
dp0 = 0
dp1 = 0.5
dp2 = 0
dp3 = 0
lr = 0.0007
wd = 1e-06
lambda1_dim1 = 0.0003
lambda2_dim1 = 0.05
lambda1_dim2 = 0.0008
lambda2_dim2 = 0.05
