2020-04-29 15:52:59.001077
Model name: diabnet/models/model-32-sp-soft-label-randomized_positives-1000-dropout0-05-bn-decay-flood-088.pth

Confusion matrix:
[[114.  30.]
 [ 19.  17.]]

T Loss: 0.511815756559372

T Loss(reg): 0.8714213848114014

V Loss: 0.7037506103515625

l1_neurons = 32
l2_neurons = 0
l3_neurons = 0
dp0 = 0.5
dp1 = 0.0
dp2 = 0
dp3 = 0
lr = 0.0007
wd = 1e-06
lambda1_dim1 = 0.0003
lambda2_dim1 = 0.05
lambda1_dim2 = 0.0008
lambda2_dim2 = 0.05
