2020-03-31 14:20:34.417281
Model name: diabnet/models/model-sp-soft-label-negatives-1000-dropout005-decay-034.pth'

Confusion matrix:
[[106.36666667  23.63333333]
 [ 45.06666667   4.93333333]]

T Loss: 0.5284542322158814

T Loss(reg): 0.8086127042770386

V Loss: 0.8255361841784583

l1_neurons = 128
l2_neurons = 0
l3_neurons = 0
dp0 = 0
dp1 = 0.05
dp2 = 0
dp3 = 0
lr = 0.0007
wd = 1e-06
lambda1_dim1 = 0.0003
lambda2_dim1 = 0.05
lambda1_dim2 = 0.0008
lambda2_dim2 = 0.05
