2020-04-13 18:27:21.923114
Model name: diabnet/models/model-sp-soft-label-random-1000-dropout0-05-bn-decay-028.pth

Confusion matrix:
[[109.  37.]
 [ 28.   6.]]

T Loss: 0.3828562438488007

T Loss(reg): 0.682889461517334

V Loss: 0.8952848712603251

l1_neurons = 128
l2_neurons = 0
l3_neurons = 0
dp0 = 0.5
dp1 = 0.0
dp2 = 0
dp3 = 0
lr = 0.0007
wd = 1e-06
lambda1_dim1 = 0.0003
lambda2_dim1 = 0.05
lambda1_dim2 = 0.0008
lambda2_dim2 = 0.05
