2020-03-31 17:23:55.271384
Model name: diabnet/models/model-sp-soft-label-negatives-1000-dropout005-decay-066.pth'

Confusion matrix:
[[126.86666667  16.13333333]
 [ 28.3          8.7       ]]

T Loss: 0.4709701299667358

T Loss(reg): 0.7801161408424377

V Loss: 0.763076431883706

l1_neurons = 128
l2_neurons = 0
l3_neurons = 0
dp0 = 0
dp1 = 0.05
dp2 = 0
dp3 = 0
lr = 0.0007
wd = 1e-06
lambda1_dim1 = 0.0003
lambda2_dim1 = 0.05
lambda1_dim2 = 0.0008
lambda2_dim2 = 0.05
