2020-03-24 16:04:44.207062
Model name: diabnet/models/model-sp-soft-label-positives-1000-dropout005-decay-042.pth'

Confusion matrix:
[[124.3  16.7]
 [  7.3  31.7]]

T Loss: 0.4481578290462494

T Loss(reg): 0.830027186870575

V Loss: 0.5196926222907172

l1_neurons = 128
l2_neurons = 0
l3_neurons = 0
dp0 = 0
dp1 = 0.05
dp2 = 0
dp3 = 0
lr = 0.0007
wd = 1e-06
lambda1_dim1 = 0.0003
lambda2_dim1 = 0.05
lambda1_dim2 = 0.0008
lambda2_dim2 = 0.05
