2020-04-14 16:21:28.987775
Model name: diabnet/models/model-sp-soft-label-negatives-1000-dropout0-05-bn-decay-099.pth

Confusion matrix:
[[98. 37.]
 [35. 10.]]

T Loss: 0.39701794981956484

T Loss(reg): 0.7256954193115235

V Loss: 0.950197696685791

l1_neurons = 128
l2_neurons = 0
l3_neurons = 0
dp0 = 0.5
dp1 = 0.0
dp2 = 0
dp3 = 0
lr = 0.0007
wd = 1e-06
lambda1_dim1 = 0.0003
lambda2_dim1 = 0.05
lambda1_dim2 = 0.0008
lambda2_dim2 = 0.05
