2020-04-07 18:09:07.065975
Model name: diabnet/models/model-sp-soft-label-negative-1000-nodropout-decay-086.pth

Confusion matrix:
[[103.  38.]
 [ 33.   6.]]

T Loss: 0.5169026374816894

T Loss(reg): 0.823600709438324

V Loss: 0.8139613668123881

l1_neurons = 128
l2_neurons = 0
l3_neurons = 0
dp0 = 0
dp1 = 0.0
dp2 = 0
dp3 = 0
lr = 0.0007
wd = 1e-06
lambda1_dim1 = 0.0003
lambda2_dim1 = 0.05
lambda1_dim2 = 0.0008
lambda2_dim2 = 0.05
