2020-03-06 21:10:23.319256
Model name: diabnet/models/model-sp-soft-label-positives-1000-decay-071.pth'

Confusion matrix:
[[124.6         15.4       ]
 [  9.36666667  30.63333333]]

T Loss: 0.4516050398349762

T Loss(reg): 0.7965010046958924

V Loss: 0.5415120356612735

l1_neurons = 256
l2_neurons = 0
l3_neurons = 0
dp0 = 0
dp1 = 0.5
dp2 = 0
dp3 = 0
lr = 0.0007
wd = 1e-06
lambda1_dim1 = 0.0003
lambda2_dim1 = 0.05
lambda1_dim2 = 0.0008
lambda2_dim2 = 0.05
