2020-04-13 19:42:16.031348
Model name: diabnet/models/model-sp-soft-label-random-1000-dropout0-05-bn-decay-049.pth

Confusion matrix:
[[123.  20.]
 [ 29.   8.]]

T Loss: 0.43786299228668213

T Loss(reg): 0.751633596420288

V Loss: 0.7984445492426554

l1_neurons = 128
l2_neurons = 0
l3_neurons = 0
dp0 = 0.5
dp1 = 0.0
dp2 = 0
dp3 = 0
lr = 0.0007
wd = 1e-06
lambda1_dim1 = 0.0003
lambda2_dim1 = 0.05
lambda1_dim2 = 0.0008
lambda2_dim2 = 0.05
