2020-04-03 16:31:49.513359
Model name: diabnet/models/model-sp-soft-label-random-1000-dropout005-decay-031.pth

Confusion matrix:
[[106.93333333  33.06666667]
 [ 33.5          6.5       ]]

T Loss: 0.4658237874507904

T Loss(reg): 0.7602325081825256

V Loss: 0.8189212448067136

l1_neurons = 128
l2_neurons = 0
l3_neurons = 0
dp0 = 0
dp1 = 0.05
dp2 = 0
dp3 = 0
lr = 0.0007
wd = 1e-06
lambda1_dim1 = 0.0003
lambda2_dim1 = 0.05
lambda1_dim2 = 0.0008
lambda2_dim2 = 0.05
