2020-04-09 13:50:34.495143
Model name: diabnet/models/model-sp-soft-label-positives-1000-nodropout-bn-decay-034.pth

Confusion matrix:
[[126.  15.]
 [  8.  31.]]

T Loss: 0.4310209214687347

T Loss(reg): 0.8354707837104798

V Loss: 0.5352822045485178

l1_neurons = 128
l2_neurons = 0
l3_neurons = 0
dp0 = 0
dp1 = 0.0
dp2 = 0
dp3 = 0
lr = 0.0007
wd = 1e-06
lambda1_dim1 = 0.0003
lambda2_dim1 = 0.05
lambda1_dim2 = 0.0008
lambda2_dim2 = 0.05
