2020-04-13 21:22:14.650716
Model name: diabnet/models/model-sp-soft-label-random-1000-dropout0-05-bn-decay-077.pth

Confusion matrix:
[[109.  33.]
 [ 24.  14.]]

T Loss: 0.4470165431499481

T Loss(reg): 0.7684721946716309

V Loss: 0.8153427044550577

l1_neurons = 128
l2_neurons = 0
l3_neurons = 0
dp0 = 0.5
dp1 = 0.0
dp2 = 0
dp3 = 0
lr = 0.0007
wd = 1e-06
lambda1_dim1 = 0.0003
lambda2_dim1 = 0.05
lambda1_dim2 = 0.0008
lambda2_dim2 = 0.05
