2020-04-14 15:50:05.335503
Model name: diabnet/models/model-sp-soft-label-negatives-1000-dropout0-05-bn-decay-090.pth

Confusion matrix:
[[105.  34.]
 [ 36.   5.]]

T Loss: 0.5248964190483093

T Loss(reg): 0.8262758612632751

V Loss: 0.8044837514559428

l1_neurons = 128
l2_neurons = 0
l3_neurons = 0
dp0 = 0.5
dp1 = 0.0
dp2 = 0
dp3 = 0
lr = 0.0007
wd = 1e-06
lambda1_dim1 = 0.0003
lambda2_dim1 = 0.05
lambda1_dim2 = 0.0008
lambda2_dim2 = 0.05
