2020-04-14 11:41:47.871409
Model name: diabnet/models/model-sp-soft-label-negatives-1000-dropout0-05-bn-decay-019.pth

Confusion matrix:
[[95. 46.]
 [32.  7.]]

T Loss: 0.39317923188209536

T Loss(reg): 0.6899555087089538

V Loss: 0.8958170612653097

l1_neurons = 128
l2_neurons = 0
l3_neurons = 0
dp0 = 0.5
dp1 = 0.0
dp2 = 0
dp3 = 0
lr = 0.0007
wd = 1e-06
lambda1_dim1 = 0.0003
lambda2_dim1 = 0.05
lambda1_dim2 = 0.0008
lambda2_dim2 = 0.05
