2020-03-31 14:42:59.240881
Model name: diabnet/models/model-sp-soft-label-negatives-1000-dropout005-decay-039.pth'

Confusion matrix:
[[112.1         27.9       ]
 [ 32.73333333   7.26666667]]

T Loss: 0.5264187693595886

T Loss(reg): 0.8049082040786744

V Loss: 0.7560226294729445

l1_neurons = 128
l2_neurons = 0
l3_neurons = 0
dp0 = 0
dp1 = 0.05
dp2 = 0
dp3 = 0
lr = 0.0007
wd = 1e-06
lambda1_dim1 = 0.0003
lambda2_dim1 = 0.05
lambda1_dim2 = 0.0008
lambda2_dim2 = 0.05
