2020-04-09 12:28:58.510342
Model name: diabnet/models/model-sp-soft-label-positives-1000-nodropout-bn-decay-010.pth

Confusion matrix:
[[127.  19.]
 [  6.  28.]]

T Loss: 0.43578662276268004

T Loss(reg): 0.8382113099098205

V Loss: 0.5623994867006937

l1_neurons = 128
l2_neurons = 0
l3_neurons = 0
dp0 = 0
dp1 = 0.0
dp2 = 0
dp3 = 0
lr = 0.0007
wd = 1e-06
lambda1_dim1 = 0.0003
lambda2_dim1 = 0.05
lambda1_dim2 = 0.0008
lambda2_dim2 = 0.05
