2020-04-07 12:50:06.567312
Model name: diabnet/models/model-sp-soft-label-negative-1000-nodropout-decay-043.pth

Confusion matrix:
[[98. 41.]
 [28. 13.]]

T Loss: 0.4721324622631073

T Loss(reg): 0.7734209299087524

V Loss: 0.847231407960256

l1_neurons = 128
l2_neurons = 0
l3_neurons = 0
dp0 = 0
dp1 = 0.0
dp2 = 0
dp3 = 0
lr = 0.0007
wd = 1e-06
lambda1_dim1 = 0.0003
lambda2_dim1 = 0.05
lambda1_dim2 = 0.0008
lambda2_dim2 = 0.05
