2020-03-16 17:49:00.537196
Model name: diabnet/models/model-sp-soft-label-positives-1000-nodropout-decay-046.pth'

Confusion matrix:
[[120.  18.]
 [  8.  34.]]

T Loss: 0.4454971671104431

T Loss(reg): 0.8354042530059814

V Loss: 0.545268714427948

l1_neurons = 128
l2_neurons = 0
l3_neurons = 0
dp0 = 0
dp1 = 0.0
dp2 = 0
dp3 = 0
lr = 0.0007
wd = 1e-06
lambda1_dim1 = 0.0003
lambda2_dim1 = 0.05
lambda1_dim2 = 0.0008
lambda2_dim2 = 0.05
