2020-03-06 21:57:55.491720
Model name: diabnet/models/model-sp-soft-label-positives-1000-decay-085.pth'

Confusion matrix:
[[124.26666667   9.73333333]
 [ 15.06666667  30.93333333]]

T Loss: 0.4591786801815033

T Loss(reg): 0.7773953795433044

V Loss: 0.5629186951451831

l1_neurons = 256
l2_neurons = 0
l3_neurons = 0
dp0 = 0
dp1 = 0.5
dp2 = 0
dp3 = 0
lr = 0.0007
wd = 1e-06
lambda1_dim1 = 0.0003
lambda2_dim1 = 0.05
lambda1_dim2 = 0.0008
lambda2_dim2 = 0.05
