2020-04-09 23:40:26.747739
Model name: diabnet/models/model-sp-soft-label-negatives-1000-nodropout-bn-decay-080.pth

Confusion matrix:
[[92. 48.]
 [32.  8.]]

T Loss: 0.3769883275032043

T Loss(reg): 0.7131007552146912

V Loss: 1.0324763655662537

l1_neurons = 128
l2_neurons = 0
l3_neurons = 0
dp0 = 0
dp1 = 0.0
dp2 = 0
dp3 = 0
lr = 0.0007
wd = 1e-06
lambda1_dim1 = 0.0003
lambda2_dim1 = 0.05
lambda1_dim2 = 0.0008
lambda2_dim2 = 0.05
