2020-04-30 14:47:55.503998
Model name: diabnet/models/model-32-sp-soft-label-randomized_1_positives-1000-dropout0-05-bn-decay-flood-057.pth

Confusion matrix:
[[98. 39.]
 [23. 20.]]

T Loss: 0.5320460438728333

T Loss(reg): 0.8823038578033447

V Loss: 0.7360102534294128

l1_neurons = 32
l2_neurons = 0
l3_neurons = 0
dp0 = 0.5
dp1 = 0.0
dp2 = 0
dp3 = 0
lr = 0.0007
wd = 1e-06
lambda1_dim1 = 0.0003
lambda2_dim1 = 0.05
lambda1_dim2 = 0.0008
lambda2_dim2 = 0.05
