2020-03-06 21:40:56.445923
Model name: diabnet/models/model-sp-soft-label-positives-1000-decay-080.pth'

Confusion matrix:
[[124.83333333  17.16666667]
 [ 11.9         26.1       ]]

T Loss: 0.46355944871902466

T Loss(reg): 0.811923336982727

V Loss: 0.5486845986710654

l1_neurons = 256
l2_neurons = 0
l3_neurons = 0
dp0 = 0
dp1 = 0.5
dp2 = 0
dp3 = 0
lr = 0.0007
wd = 1e-06
lambda1_dim1 = 0.0003
lambda2_dim1 = 0.05
lambda1_dim2 = 0.0008
lambda2_dim2 = 0.05
