2020-04-07 17:39:22.306230
Model name: diabnet/models/model-sp-soft-label-negative-1000-nodropout-decay-082.pth

Confusion matrix:
[[101.  41.]
 [ 27.  11.]]

T Loss: 0.4855277717113495

T Loss(reg): 0.7943956613540649

V Loss: 0.7730844219525655

l1_neurons = 128
l2_neurons = 0
l3_neurons = 0
dp0 = 0
dp1 = 0.0
dp2 = 0
dp3 = 0
lr = 0.0007
wd = 1e-06
lambda1_dim1 = 0.0003
lambda2_dim1 = 0.05
lambda1_dim2 = 0.0008
lambda2_dim2 = 0.05
