2020-04-09 19:22:32.881876
Model name: diabnet/models/model-sp-soft-label-negatives-1000-nodropout-bn-decay-006.pth

Confusion matrix:
[[102.  42.]
 [ 20.  16.]]

T Loss: 0.33630639910697935

T Loss(reg): 0.6950652003288269

V Loss: 0.9532971183458964

l1_neurons = 128
l2_neurons = 0
l3_neurons = 0
dp0 = 0
dp1 = 0.0
dp2 = 0
dp3 = 0
lr = 0.0007
wd = 1e-06
lambda1_dim1 = 0.0003
lambda2_dim1 = 0.05
lambda1_dim2 = 0.0008
lambda2_dim2 = 0.05
