2020-04-09 21:03:43.736674
Model name: diabnet/models/model-sp-soft-label-negatives-1000-nodropout-bn-decay-035.pth

Confusion matrix:
[[102.  42.]
 [ 27.   9.]]

T Loss: 0.35414246320724485

T Loss(reg): 0.6995904088020325

V Loss: 0.9477649927139282

l1_neurons = 128
l2_neurons = 0
l3_neurons = 0
dp0 = 0
dp1 = 0.0
dp2 = 0
dp3 = 0
lr = 0.0007
wd = 1e-06
lambda1_dim1 = 0.0003
lambda2_dim1 = 0.05
lambda1_dim2 = 0.0008
lambda2_dim2 = 0.05
