2020-04-07 09:26:18.252913
Model name: diabnet/models/model-sp-soft-label-negative-1000-nodropout-decay-014.pth

Confusion matrix:
[[98. 35.]
 [39.  8.]]

T Loss: 0.44692733883857727

T Loss(reg): 0.7662048101425171

V Loss: 0.8606358965237936

l1_neurons = 128
l2_neurons = 0
l3_neurons = 0
dp0 = 0
dp1 = 0.0
dp2 = 0
dp3 = 0
lr = 0.0007
wd = 1e-06
lambda1_dim1 = 0.0003
lambda2_dim1 = 0.05
lambda1_dim2 = 0.0008
lambda2_dim2 = 0.05
