2020-03-31 19:23:11.340097
Model name: diabnet/models/model-sp-soft-label-negatives-1000-dropout005-decay-082.pth'

Confusion matrix:
[[101.66666667  32.33333333]
 [ 33.13333333  12.86666667]]

T Loss: 0.49161663055419924

T Loss(reg): 0.8035949826240539

V Loss: 0.7738664964834849

l1_neurons = 128
l2_neurons = 0
l3_neurons = 0
dp0 = 0
dp1 = 0.05
dp2 = 0
dp3 = 0
lr = 0.0007
wd = 1e-06
lambda1_dim1 = 0.0003
lambda2_dim1 = 0.05
lambda1_dim2 = 0.0008
lambda2_dim2 = 0.05
