2020-03-06 20:43:08.746976
Model name: diabnet/models/model-sp-soft-label-positives-1000-decay-063.pth'

Confusion matrix:
[[121.06666667  12.93333333]
 [ 13.33333333  32.66666667]]

T Loss: 0.4573224663734436

T Loss(reg): 0.802674925327301

V Loss: 0.5295501662625207

l1_neurons = 256
l2_neurons = 0
l3_neurons = 0
dp0 = 0
dp1 = 0.5
dp2 = 0
dp3 = 0
lr = 0.0007
wd = 1e-06
lambda1_dim1 = 0.0003
lambda2_dim1 = 0.05
lambda1_dim2 = 0.0008
lambda2_dim2 = 0.05
