2020-04-03 15:54:44.431018
Model name: diabnet/models/model-sp-soft-label-random-1000-dropout005-decay-020.pth

Confusion matrix:
[[94.06666667 37.93333333]
 [37.13333333 10.86666667]]

T Loss: 0.44515278935432434

T Loss(reg): 0.7703985691070556

V Loss: 0.8606550792853037

l1_neurons = 128
l2_neurons = 0
l3_neurons = 0
dp0 = 0
dp1 = 0.05
dp2 = 0
dp3 = 0
lr = 0.0007
wd = 1e-06
lambda1_dim1 = 0.0003
lambda2_dim1 = 0.05
lambda1_dim2 = 0.0008
lambda2_dim2 = 0.05
