2020-03-24 18:28:38.504404
Model name: diabnet/models/model-sp-soft-label-positives-1000-dropout005-decay-085.pth'

Confusion matrix:
[[122.73333333  17.26666667]
 [  9.83333333  30.16666667]]

T Loss: 0.4505566656589508

T Loss(reg): 0.8237244606018066

V Loss: 0.5396237128310734

l1_neurons = 128
l2_neurons = 0
l3_neurons = 0
dp0 = 0
dp1 = 0.05
dp2 = 0
dp3 = 0
lr = 0.0007
wd = 1e-06
lambda1_dim1 = 0.0003
lambda2_dim1 = 0.05
lambda1_dim2 = 0.0008
lambda2_dim2 = 0.05
