2020-03-06 19:25:04.671345
Model name: diabnet/models/model-sp-soft-label-positives-1000-decay-040.pth'

Confusion matrix:
[[123.5         17.5       ]
 [ 11.46666667  27.53333333]]

T Loss: 0.45053362250328066

T Loss(reg): 0.7986454010009766

V Loss: 0.5692968782451417

l1_neurons = 256
l2_neurons = 0
l3_neurons = 0
dp0 = 0
dp1 = 0.5
dp2 = 0
dp3 = 0
lr = 0.0007
wd = 1e-06
lambda1_dim1 = 0.0003
lambda2_dim1 = 0.05
lambda1_dim2 = 0.0008
lambda2_dim2 = 0.05
