2020-03-16 15:54:58.264556
Model name: diabnet/models/model-sp-soft-label-positives-1000-nodropout-decay-013.pth'

Confusion matrix:
[[119.  20.]
 [ 10.  31.]]

T Loss: 0.43447179794311525

T Loss(reg): 0.8172952651977539

V Loss: 0.557172695795695

l1_neurons = 128
l2_neurons = 0
l3_neurons = 0
dp0 = 0
dp1 = 0.0
dp2 = 0
dp3 = 0
lr = 0.0007
wd = 1e-06
lambda1_dim1 = 0.0003
lambda2_dim1 = 0.05
lambda1_dim2 = 0.0008
lambda2_dim2 = 0.05
