2020-03-31 13:57:08.354393
Model name: diabnet/models/model-sp-soft-label-negatives-1000-dropout005-decay-027.pth'

Confusion matrix:
[[107.26666667  37.73333333]
 [ 28.46666667   6.53333333]]

T Loss: 0.43462288975715635

T Loss(reg): 0.746986722946167

V Loss: 0.8506512337260776

l1_neurons = 128
l2_neurons = 0
l3_neurons = 0
dp0 = 0
dp1 = 0.05
dp2 = 0
dp3 = 0
lr = 0.0007
wd = 1e-06
lambda1_dim1 = 0.0003
lambda2_dim1 = 0.05
lambda1_dim2 = 0.0008
lambda2_dim2 = 0.05
