2020-04-03 19:29:06.564098
Model name: diabnet/models/model-sp-soft-label-random-1000-dropout005-decay-083.pth

Confusion matrix:
[[103.06666667  26.93333333]
 [ 41.43333333   8.56666667]]

T Loss: 0.505832576751709

T Loss(reg): 0.8045765519142151

V Loss: 0.8316758500205146

l1_neurons = 128
l2_neurons = 0
l3_neurons = 0
dp0 = 0
dp1 = 0.05
dp2 = 0
dp3 = 0
lr = 0.0007
wd = 1e-06
lambda1_dim1 = 0.0003
lambda2_dim1 = 0.05
lambda1_dim2 = 0.0008
lambda2_dim2 = 0.05
