2020-04-07 08:35:44.018678
Model name: diabnet/models/model-sp-soft-label-negative-1000-nodropout-decay-004.pth

Confusion matrix:
[[111.  26.]
 [ 35.   8.]]

T Loss: 0.4561557471752167

T Loss(reg): 0.7814043998718262

V Loss: 0.8251677751541138

l1_neurons = 128
l2_neurons = 0
l3_neurons = 0
dp0 = 0
dp1 = 0.0
dp2 = 0
dp3 = 0
lr = 0.0007
wd = 1e-06
lambda1_dim1 = 0.0003
lambda2_dim1 = 0.05
lambda1_dim2 = 0.0008
lambda2_dim2 = 0.05
