2020-04-13 13:49:57.832742
Model name: diabnet/models/model-sp-soft-label-positives-1000-dropout0-05-bn-decay-054.pth

Confusion matrix:
[[116.  16.]
 [ 13.  35.]]

T Loss: 0.4483277201652527

T Loss(reg): 0.8275042057037354

V Loss: 0.5481042265892029

l1_neurons = 128
l2_neurons = 0
l3_neurons = 0
dp0 = 0.5
dp1 = 0.0
dp2 = 0
dp3 = 0
lr = 0.0007
wd = 1e-06
lambda1_dim1 = 0.0003
lambda2_dim1 = 0.05
lambda1_dim2 = 0.0008
lambda2_dim2 = 0.05
