2020-04-13 20:32:14.314218
Model name: diabnet/models/model-sp-soft-label-random-1000-dropout0-05-bn-decay-063.pth

Confusion matrix:
[[102.  40.]
 [ 28.  10.]]

T Loss: 0.3635815978050232

T Loss(reg): 0.6907404899597168

V Loss: 0.9817473491032919

l1_neurons = 128
l2_neurons = 0
l3_neurons = 0
dp0 = 0.5
dp1 = 0.0
dp2 = 0
dp3 = 0
lr = 0.0007
wd = 1e-06
lambda1_dim1 = 0.0003
lambda2_dim1 = 0.05
lambda1_dim2 = 0.0008
lambda2_dim2 = 0.05
