2020-03-31 20:51:50.491110
Model name: diabnet/models/model-sp-soft-label-negatives-1000-dropout005-decay-097.pth'

Confusion matrix:
[[106.6         32.4       ]
 [ 35.63333333   5.36666667]]

T Loss: 0.5094195008277893

T Loss(reg): 0.7988471746444702

V Loss: 0.8020297911432054

l1_neurons = 128
l2_neurons = 0
l3_neurons = 0
dp0 = 0
dp1 = 0.05
dp2 = 0
dp3 = 0
lr = 0.0007
wd = 1e-06
lambda1_dim1 = 0.0003
lambda2_dim1 = 0.05
lambda1_dim2 = 0.0008
lambda2_dim2 = 0.05
