2020-03-16 20:22:07.402562
Model name: diabnet/models/model-sp-soft-label-positives-1000-nodropout-decay-091.pth'

Confusion matrix:
[[115.  24.]
 [  5.  36.]]

T Loss: 0.44689802527427674

T Loss(reg): 0.8315732479095459

V Loss: 0.5327562292416891

l1_neurons = 128
l2_neurons = 0
l3_neurons = 0
dp0 = 0
dp1 = 0.0
dp2 = 0
dp3 = 0
lr = 0.0007
wd = 1e-06
lambda1_dim1 = 0.0003
lambda2_dim1 = 0.05
lambda1_dim2 = 0.0008
lambda2_dim2 = 0.05
