2020-03-31 15:30:04.382010
Model name: diabnet/models/model-sp-soft-label-negatives-1000-dropout005-decay-051.pth'

Confusion matrix:
[[110.2         28.8       ]
 [ 33.06666667   7.93333333]]

T Loss: 0.46409093141555785

T Loss(reg): 0.7616960883140564

V Loss: 0.8012785580423143

l1_neurons = 128
l2_neurons = 0
l3_neurons = 0
dp0 = 0
dp1 = 0.05
dp2 = 0
dp3 = 0
lr = 0.0007
wd = 1e-06
lambda1_dim1 = 0.0003
lambda2_dim1 = 0.05
lambda1_dim2 = 0.0008
lambda2_dim2 = 0.05
