2020-04-13 21:25:49.959502
Model name: diabnet/models/model-sp-soft-label-random-1000-dropout0-05-bn-decay-078.pth

Confusion matrix:
[[108.  38.]
 [ 22.  12.]]

T Loss: 0.41446481347084047

T Loss(reg): 0.7347588062286377

V Loss: 0.7937488357226054

l1_neurons = 128
l2_neurons = 0
l3_neurons = 0
dp0 = 0.5
dp1 = 0.0
dp2 = 0
dp3 = 0
lr = 0.0007
wd = 1e-06
lambda1_dim1 = 0.0003
lambda2_dim1 = 0.05
lambda1_dim2 = 0.0008
lambda2_dim2 = 0.05
