2020-04-15 10:12:03.804552
Model name: diabnet/models/model-32-sp-soft-label-negatives-1000-dropout0-05-bn-decay-011.pth

Confusion matrix:
[[118.  22.]
 [ 33.   7.]]

T Loss: 0.5815650224685669

T Loss(reg): 0.8622493505477905

V Loss: 0.7334436972935995

l1_neurons = 32
l2_neurons = 0
l3_neurons = 0
dp0 = 0.5
dp1 = 0.0
dp2 = 0
dp3 = 0
lr = 0.0007
wd = 1e-06
lambda1_dim1 = 0.0003
lambda2_dim1 = 0.05
lambda1_dim2 = 0.0008
lambda2_dim2 = 0.05
