2020-04-03 15:14:24.063269
Model name: diabnet/models/model-sp-soft-label-random-1000-dropout005-decay-008.pth

Confusion matrix:
[[110.2  30.8]
 [ 28.8  10.2]]

T Loss: 0.4941773533821106

T Loss(reg): 0.7844771146774292

V Loss: 0.7899490488900078

l1_neurons = 128
l2_neurons = 0
l3_neurons = 0
dp0 = 0
dp1 = 0.05
dp2 = 0
dp3 = 0
lr = 0.0007
wd = 1e-06
lambda1_dim1 = 0.0003
lambda2_dim1 = 0.05
lambda1_dim2 = 0.0008
lambda2_dim2 = 0.05
