2020-04-09 13:09:45.988749
Model name: diabnet/models/model-sp-soft-label-positives-1000-nodropout-bn-decay-022.pth

Confusion matrix:
[[116.  23.]
 [  2.  39.]]

T Loss: 0.44304457902908323

T Loss(reg): 0.8718096017837524

V Loss: 0.5037876566251119

l1_neurons = 128
l2_neurons = 0
l3_neurons = 0
dp0 = 0
dp1 = 0.0
dp2 = 0
dp3 = 0
lr = 0.0007
wd = 1e-06
lambda1_dim1 = 0.0003
lambda2_dim1 = 0.05
lambda1_dim2 = 0.0008
lambda2_dim2 = 0.05
