2020-04-15 11:07:46.258082
Model name: diabnet/models/model-32-sp-soft-label-negatives-1000-dropout0-05-bn-decay-027.pth

Confusion matrix:
[[110.  21.]
 [ 46.   3.]]

T Loss: 0.5904322862625122

T Loss(reg): 0.8636321663856507

V Loss: 0.7430938482284546

l1_neurons = 32
l2_neurons = 0
l3_neurons = 0
dp0 = 0.5
dp1 = 0.0
dp2 = 0
dp3 = 0
lr = 0.0007
wd = 1e-06
lambda1_dim1 = 0.0003
lambda2_dim1 = 0.05
lambda1_dim2 = 0.0008
lambda2_dim2 = 0.05
