2020-04-13 14:24:36.257436
Model name: diabnet/models/model-sp-soft-label-positives-1000-dropout0-05-bn-decay-064.pth

Confusion matrix:
[[118.  24.]
 [  5.  33.]]

T Loss: 0.44357713460922243

T Loss(reg): 0.8297093272209167

V Loss: 0.5265494585037231

l1_neurons = 128
l2_neurons = 0
l3_neurons = 0
dp0 = 0.5
dp1 = 0.0
dp2 = 0
dp3 = 0
lr = 0.0007
wd = 1e-06
lambda1_dim1 = 0.0003
lambda2_dim1 = 0.05
lambda1_dim2 = 0.0008
lambda2_dim2 = 0.05
