2020-02-10 18:00:19.730484
Model name: diabnet/models/model-sp-soft-label-negatives-1000.pth

Confusion matrix:
[[109.43333333  26.56666667]
 [ 34.63333333   9.36666667]]

T Loss: 0.5627040505409241

T Loss(reg): 0.7743227124214173

V Loss: 0.715338236755795

l1_neurons = 256
l2_neurons = 0
l3_neurons = 0
dp0 = 0
dp1 = 0.5
dp2 = 0
dp3 = 0
lr = 0.0007
wd = 1e-06
lambda1_dim1 = 0.0003
lambda2_dim1 = 0.05
lambda1_dim2 = 0.0008
lambda2_dim2 = 0.05
