2020-04-06 13:38:14.759711
Model name: diabnet/models/model-sp-soft-label-random-1000-nodropout-decay-021.pth

Confusion matrix:
[[101.  40.]
 [ 28.  11.]]

T Loss: 0.48394272923469545

T Loss(reg): 0.79087975025177

V Loss: 0.8125128746032715

l1_neurons = 128
l2_neurons = 0
l3_neurons = 0
dp0 = 0
dp1 = 0.0
dp2 = 0
dp3 = 0
lr = 0.0007
wd = 1e-06
lambda1_dim1 = 0.0003
lambda2_dim1 = 0.05
lambda1_dim2 = 0.0008
lambda2_dim2 = 0.05
