2020-04-30 14:33:55.547026
Model name: diabnet/models/model-32-sp-soft-label-randomized_1_positives-1000-dropout0-05-bn-decay-flood-053.pth

Confusion matrix:
[[110.  30.]
 [ 24.  16.]]

T Loss: 0.5030141413211823

T Loss(reg): 0.8873870849609375

V Loss: 0.7369784712791443

l1_neurons = 32
l2_neurons = 0
l3_neurons = 0
dp0 = 0.5
dp1 = 0.0
dp2 = 0
dp3 = 0
lr = 0.0007
wd = 1e-06
lambda1_dim1 = 0.0003
lambda2_dim1 = 0.05
lambda1_dim2 = 0.0008
lambda2_dim2 = 0.05
