2020-03-16 19:00:17.015969
Model name: diabnet/models/model-sp-soft-label-positives-1000-nodropout-decay-067.pth'

Confusion matrix:
[[126.  17.]
 [  6.  31.]]

T Loss: 0.4429673731327057

T Loss(reg): 0.8409343004226685

V Loss: 0.5183189113934835

l1_neurons = 128
l2_neurons = 0
l3_neurons = 0
dp0 = 0
dp1 = 0.0
dp2 = 0
dp3 = 0
lr = 0.0007
wd = 1e-06
lambda1_dim1 = 0.0003
lambda2_dim1 = 0.05
lambda1_dim2 = 0.0008
lambda2_dim2 = 0.05
