2020-04-28 18:53:54.622108
Model name: diabnet/models/model-32-sp-soft-label-random-1000-dropout0-05-bn-decay-flood-052.pth

Confusion matrix:
[[123.  19.]
 [ 36.   2.]]

T Loss: 0.5895076751708984

T Loss(reg): 0.8518542170524597

V Loss: 0.708913783232371

l1_neurons = 32
l2_neurons = 0
l3_neurons = 0
dp0 = 0.5
dp1 = 0.0
dp2 = 0
dp3 = 0
lr = 0.0007
wd = 1e-06
lambda1_dim1 = 0.0003
lambda2_dim1 = 0.05
lambda1_dim2 = 0.0008
lambda2_dim2 = 0.05
