2020-04-15 12:24:22.788737
Model name: diabnet/models/model-32-sp-soft-label-negatives-1000-dropout0-05-bn-decay-049.pth

Confusion matrix:
[[116.  32.]
 [ 26.   6.]]

T Loss: 0.5948403000831604

T Loss(reg): 0.8605756521224975

V Loss: 0.6887417833010355

l1_neurons = 32
l2_neurons = 0
l3_neurons = 0
dp0 = 0.5
dp1 = 0.0
dp2 = 0
dp3 = 0
lr = 0.0007
wd = 1e-06
lambda1_dim1 = 0.0003
lambda2_dim1 = 0.05
lambda1_dim2 = 0.0008
lambda2_dim2 = 0.05
