2020-03-24 16:01:24.943147
Model name: diabnet/models/model-sp-soft-label-positives-1000-dropout005-decay-041.pth'

Confusion matrix:
[[120.6         13.4       ]
 [ 13.53333333  32.46666667]]

T Loss: 0.43369351625442504

T Loss(reg): 0.8178308725357055

V Loss: 0.536360768477122

l1_neurons = 128
l2_neurons = 0
l3_neurons = 0
dp0 = 0
dp1 = 0.05
dp2 = 0
dp3 = 0
lr = 0.0007
wd = 1e-06
lambda1_dim1 = 0.0003
lambda2_dim1 = 0.05
lambda1_dim2 = 0.0008
lambda2_dim2 = 0.05
