2020-04-07 13:56:46.351344
Model name: diabnet/models/model-sp-soft-label-negative-1000-nodropout-decay-052.pth

Confusion matrix:
[[94. 40.]
 [30. 16.]]

T Loss: 0.46504780650138855

T Loss(reg): 0.7871150851249695

V Loss: 0.8175369302431742

l1_neurons = 128
l2_neurons = 0
l3_neurons = 0
dp0 = 0
dp1 = 0.0
dp2 = 0
dp3 = 0
lr = 0.0007
wd = 1e-06
lambda1_dim1 = 0.0003
lambda2_dim1 = 0.05
lambda1_dim2 = 0.0008
lambda2_dim2 = 0.05
