2020-04-14 15:11:39.362249
Model name: diabnet/models/model-sp-soft-label-negatives-1000-dropout0-05-bn-decay-079.pth

Confusion matrix:
[[104.  35.]
 [ 31.  10.]]

T Loss: 0.40205712914466857

T Loss(reg): 0.726602292060852

V Loss: 0.9117068449656168

l1_neurons = 128
l2_neurons = 0
l3_neurons = 0
dp0 = 0.5
dp1 = 0.0
dp2 = 0
dp3 = 0
lr = 0.0007
wd = 1e-06
lambda1_dim1 = 0.0003
lambda2_dim1 = 0.05
lambda1_dim2 = 0.0008
lambda2_dim2 = 0.05
