2020-03-31 17:40:59.111942
Model name: diabnet/models/model-sp-soft-label-negatives-1000-dropout005-decay-068.pth'

Confusion matrix:
[[109.1         24.9       ]
 [ 35.53333333  10.46666667]]

T Loss: 0.5518944382667541

T Loss(reg): 0.8306740641593933

V Loss: 0.7656028125021193

l1_neurons = 128
l2_neurons = 0
l3_neurons = 0
dp0 = 0
dp1 = 0.05
dp2 = 0
dp3 = 0
lr = 0.0007
wd = 1e-06
lambda1_dim1 = 0.0003
lambda2_dim1 = 0.05
lambda1_dim2 = 0.0008
lambda2_dim2 = 0.05
