2020-04-27 23:42:47.582899
Model name: diabnet/models/model-32-sp-soft-label-positives-1000-dropout0-05-bn-decay-flood-075.pth

Confusion matrix:
[[126.  14.]
 [  8.  32.]]

T Loss: 0.4662792980670929

T Loss(reg): 0.8304404497146607

V Loss: 0.5041079918543497

l1_neurons = 32
l2_neurons = 0
l3_neurons = 0
dp0 = 0.5
dp1 = 0.0
dp2 = 0
dp3 = 0
lr = 0.0007
wd = 1e-06
lambda1_dim1 = 0.0003
lambda2_dim1 = 0.05
lambda1_dim2 = 0.0008
lambda2_dim2 = 0.05
