2020-04-28 18:43:17.070845
Model name: diabnet/models/model-32-sp-soft-label-random-1000-dropout0-05-bn-decay-flood-049.pth

Confusion matrix:
[[112.  34.]
 [ 31.   3.]]

T Loss: 0.5689810156822205

T Loss(reg): 0.8582782626152039

V Loss: 0.7069991827011108

l1_neurons = 32
l2_neurons = 0
l3_neurons = 0
dp0 = 0.5
dp1 = 0.0
dp2 = 0
dp3 = 0
lr = 0.0007
wd = 1e-06
lambda1_dim1 = 0.0003
lambda2_dim1 = 0.05
lambda1_dim2 = 0.0008
lambda2_dim2 = 0.05
