2020-04-07 19:00:59.582621
Model name: diabnet/models/model-sp-soft-label-negative-1000-nodropout-decay-093.pth

Confusion matrix:
[[104.  31.]
 [ 32.  13.]]

T Loss: 0.47429451942443845

T Loss(reg): 0.7888236880302429

V Loss: 0.7702495257059733

l1_neurons = 128
l2_neurons = 0
l3_neurons = 0
dp0 = 0
dp1 = 0.0
dp2 = 0
dp3 = 0
lr = 0.0007
wd = 1e-06
lambda1_dim1 = 0.0003
lambda2_dim1 = 0.05
lambda1_dim2 = 0.0008
lambda2_dim2 = 0.05
