2020-04-03 17:39:35.609939
Model name: diabnet/models/model-sp-soft-label-random-1000-dropout005-decay-051.pth

Confusion matrix:
[[109.53333333  31.46666667]
 [ 31.06666667   7.93333333]]

T Loss: 0.48734958171844484

T Loss(reg): 0.774303925037384

V Loss: 0.7607438762982687

l1_neurons = 128
l2_neurons = 0
l3_neurons = 0
dp0 = 0
dp1 = 0.05
dp2 = 0
dp3 = 0
lr = 0.0007
wd = 1e-06
lambda1_dim1 = 0.0003
lambda2_dim1 = 0.05
lambda1_dim2 = 0.0008
lambda2_dim2 = 0.05
