2020-04-15 15:42:00.853983
Model name: diabnet/models/model-32-sp-soft-label-positives-1000-dropout0-05-bn-decay-001.pth

Confusion matrix:
[[123.  17.]
 [ 15.  25.]]

T Loss: 0.47562111020088194

T Loss(reg): 0.8334011554718017

V Loss: 0.5540457765261332

l1_neurons = 32
l2_neurons = 0
l3_neurons = 0
dp0 = 0.5
dp1 = 0.0
dp2 = 0
dp3 = 0
lr = 0.0007
wd = 1e-06
lambda1_dim1 = 0.0003
lambda2_dim1 = 0.05
lambda1_dim2 = 0.0008
lambda2_dim2 = 0.05
