2020-03-06 19:11:29.907604
Model name: diabnet/models/model-sp-soft-label-positives-1000-decay-036.pth'

Confusion matrix:
[[128.83333333  19.16666667]
 [  8.3         23.7       ]]

T Loss: 0.44619154930114746

T Loss(reg): 0.7999501585960388

V Loss: 0.5675162878301409

l1_neurons = 256
l2_neurons = 0
l3_neurons = 0
dp0 = 0
dp1 = 0.5
dp2 = 0
dp3 = 0
lr = 0.0007
wd = 1e-06
lambda1_dim1 = 0.0003
lambda2_dim1 = 0.05
lambda1_dim2 = 0.0008
lambda2_dim2 = 0.05
