2020-03-31 18:53:38.975031
Model name: diabnet/models/model-sp-soft-label-negatives-1000-dropout005-decay-077.pth'

Confusion matrix:
[[113.16666667  33.83333333]
 [ 23.93333333   9.06666667]]

T Loss: 0.501250821352005

T Loss(reg): 0.7938623428344727

V Loss: 0.7620949486891428

l1_neurons = 128
l2_neurons = 0
l3_neurons = 0
dp0 = 0
dp1 = 0.05
dp2 = 0
dp3 = 0
lr = 0.0007
wd = 1e-06
lambda1_dim1 = 0.0003
lambda2_dim1 = 0.05
lambda1_dim2 = 0.0008
lambda2_dim2 = 0.05
