2020-04-06 20:41:38.247887
Model name: diabnet/models/model-sp-soft-label-random-1000-nodropout-decay-085.pth

Confusion matrix:
[[104.  41.]
 [ 23.  12.]]

T Loss: 0.4554406404495239

T Loss(reg): 0.7813751935958863

V Loss: 0.7659428914388021

l1_neurons = 128
l2_neurons = 0
l3_neurons = 0
dp0 = 0
dp1 = 0.0
dp2 = 0
dp3 = 0
lr = 0.0007
wd = 1e-06
lambda1_dim1 = 0.0003
lambda2_dim1 = 0.05
lambda1_dim2 = 0.0008
lambda2_dim2 = 0.05
