2020-04-13 10:43:32.840512
Model name: diabnet/models/model-sp-soft-label-positives-1000-dropout0-05-bn-decay-000.pth

Confusion matrix:
[[120.  25.]
 [  4.  31.]]

T Loss: 0.4402027428150177

T Loss(reg): 0.8392316341400147

V Loss: 0.5470608075459799

l1_neurons = 128
l2_neurons = 0
l3_neurons = 0
dp0 = 0.5
dp1 = 0.0
dp2 = 0
dp3 = 0
lr = 0.0007
wd = 1e-06
lambda1_dim1 = 0.0003
lambda2_dim1 = 0.05
lambda1_dim2 = 0.0008
lambda2_dim2 = 0.05
