2020-03-31 14:10:31.148987
Model name: diabnet/models/model-sp-soft-label-negatives-1000-dropout005-decay-031.pth'

Confusion matrix:
[[99.6        34.4       ]
 [35.33333333 10.66666667]]

T Loss: 0.45618571639060973

T Loss(reg): 0.7754148960113525

V Loss: 0.831880658864975

l1_neurons = 128
l2_neurons = 0
l3_neurons = 0
dp0 = 0
dp1 = 0.05
dp2 = 0
dp3 = 0
lr = 0.0007
wd = 1e-06
lambda1_dim1 = 0.0003
lambda2_dim1 = 0.05
lambda1_dim2 = 0.0008
lambda2_dim2 = 0.05
