2020-04-07 18:23:55.427192
Model name: diabnet/models/model-sp-soft-label-negative-1000-nodropout-decay-088.pth

Confusion matrix:
[[89. 37.]
 [40. 14.]]

T Loss: 0.49482992887496946

T Loss(reg): 0.8119991421699524

V Loss: 0.8377394278844198

l1_neurons = 128
l2_neurons = 0
l3_neurons = 0
dp0 = 0
dp1 = 0.0
dp2 = 0
dp3 = 0
lr = 0.0007
wd = 1e-06
lambda1_dim1 = 0.0003
lambda2_dim1 = 0.05
lambda1_dim2 = 0.0008
lambda2_dim2 = 0.05
