2020-04-09 20:42:47.013617
Model name: diabnet/models/model-sp-soft-label-negatives-1000-nodropout-bn-decay-029.pth

Confusion matrix:
[[86. 47.]
 [37. 10.]]

T Loss: 0.3600245177745819

T Loss(reg): 0.7051600217819214

V Loss: 1.0945566693941753

l1_neurons = 128
l2_neurons = 0
l3_neurons = 0
dp0 = 0
dp1 = 0.0
dp2 = 0
dp3 = 0
lr = 0.0007
wd = 1e-06
lambda1_dim1 = 0.0003
lambda2_dim1 = 0.05
lambda1_dim2 = 0.0008
lambda2_dim2 = 0.05
