2020-03-24 17:34:43.374622
Model name: diabnet/models/model-sp-soft-label-positives-1000-dropout005-decay-069.pth'

Confusion matrix:
[[124.56666667  18.43333333]
 [  6.96666667  30.03333333]]

T Loss: 0.44867799878120423

T Loss(reg): 0.8231400728225708

V Loss: 0.5239922516875797

l1_neurons = 128
l2_neurons = 0
l3_neurons = 0
dp0 = 0
dp1 = 0.05
dp2 = 0
dp3 = 0
lr = 0.0007
wd = 1e-06
lambda1_dim1 = 0.0003
lambda2_dim1 = 0.05
lambda1_dim2 = 0.0008
lambda2_dim2 = 0.05
