2020-04-03 18:58:19.423432
Model name: diabnet/models/model-sp-soft-label-random-1000-dropout005-decay-074.pth

Confusion matrix:
[[120.96666667  25.03333333]
 [ 25.03333333   8.96666667]]

T Loss: 0.4582016706466675

T Loss(reg): 0.7692743301391601

V Loss: 0.7816560639275445

l1_neurons = 128
l2_neurons = 0
l3_neurons = 0
dp0 = 0
dp1 = 0.05
dp2 = 0
dp3 = 0
lr = 0.0007
wd = 1e-06
lambda1_dim1 = 0.0003
lambda2_dim1 = 0.05
lambda1_dim2 = 0.0008
lambda2_dim2 = 0.05
