2020-04-09 22:55:09.909456
Model name: diabnet/models/model-sp-soft-label-negatives-1000-nodropout-bn-decay-067.pth

Confusion matrix:
[[99. 40.]
 [24. 17.]]

T Loss: 0.36119353771209717

T Loss(reg): 0.6965541481971741

V Loss: 0.9002910653750101

l1_neurons = 128
l2_neurons = 0
l3_neurons = 0
dp0 = 0
dp1 = 0.0
dp2 = 0
dp3 = 0
lr = 0.0007
wd = 1e-06
lambda1_dim1 = 0.0003
lambda2_dim1 = 0.05
lambda1_dim2 = 0.0008
lambda2_dim2 = 0.05
