2020-04-07 10:29:24.125280
Model name: diabnet/models/model-sp-soft-label-negative-1000-nodropout-decay-024.pth

Confusion matrix:
[[110.  28.]
 [ 31.  11.]]

T Loss: 0.47153398394584656

T Loss(reg): 0.7614214420318604

V Loss: 0.7959268490473429

l1_neurons = 128
l2_neurons = 0
l3_neurons = 0
dp0 = 0
dp1 = 0.0
dp2 = 0
dp3 = 0
lr = 0.0007
wd = 1e-06
lambda1_dim1 = 0.0003
lambda2_dim1 = 0.05
lambda1_dim2 = 0.0008
lambda2_dim2 = 0.05
