2020-03-31 15:09:08.302474
Model name: diabnet/models/model-sp-soft-label-negatives-1000-dropout005-decay-046.pth'

Confusion matrix:
[[106.13333333  37.86666667]
 [ 24.86666667  11.13333333]]

T Loss: 0.4681097149848938

T Loss(reg): 0.7706577181816101

V Loss: 0.7832118458218045

l1_neurons = 128
l2_neurons = 0
l3_neurons = 0
dp0 = 0
dp1 = 0.05
dp2 = 0
dp3 = 0
lr = 0.0007
wd = 1e-06
lambda1_dim1 = 0.0003
lambda2_dim1 = 0.05
lambda1_dim2 = 0.0008
lambda2_dim2 = 0.05
