2020-04-09 16:27:07.914174
Model name: diabnet/models/model-sp-soft-label-positives-1000-nodropout-bn-decay-080.pth

Confusion matrix:
[[123.   8.]
 [ 10.  39.]]

T Loss: 0.4281982362270355

T Loss(reg): 0.8280177593231202

V Loss: 0.5114801923433939

l1_neurons = 128
l2_neurons = 0
l3_neurons = 0
dp0 = 0
dp1 = 0.0
dp2 = 0
dp3 = 0
lr = 0.0007
wd = 1e-06
lambda1_dim1 = 0.0003
lambda2_dim1 = 0.05
lambda1_dim2 = 0.0008
lambda2_dim2 = 0.05
