2020-04-13 14:31:31.879025
Model name: diabnet/models/model-sp-soft-label-positives-1000-dropout0-05-bn-decay-066.pth

Confusion matrix:
[[135.  12.]
 [  7.  26.]]

T Loss: 0.4419746696949005

T Loss(reg): 0.826467490196228

V Loss: 0.535128782192866

l1_neurons = 128
l2_neurons = 0
l3_neurons = 0
dp0 = 0.5
dp1 = 0.0
dp2 = 0
dp3 = 0
lr = 0.0007
wd = 1e-06
lambda1_dim1 = 0.0003
lambda2_dim1 = 0.05
lambda1_dim2 = 0.0008
lambda2_dim2 = 0.05
