2020-04-28 19:32:58.344145
Model name: diabnet/models/model-32-sp-soft-label-random-1000-dropout0-05-bn-decay-flood-063.pth

Confusion matrix:
[[110.  29.]
 [ 32.   9.]]

T Loss: 0.536188292503357

T Loss(reg): 0.8242276668548584

V Loss: 0.7658743659655253

l1_neurons = 32
l2_neurons = 0
l3_neurons = 0
dp0 = 0.5
dp1 = 0.0
dp2 = 0
dp3 = 0
lr = 0.0007
wd = 1e-06
lambda1_dim1 = 0.0003
lambda2_dim1 = 0.05
lambda1_dim2 = 0.0008
lambda2_dim2 = 0.05
