2020-03-16 18:25:41.828372
Model name: diabnet/models/model-sp-soft-label-positives-1000-nodropout-decay-057.pth'

Confusion matrix:
[[135.  11.]
 [ 11.  23.]]

T Loss: 0.4464666128158569

T Loss(reg): 0.8281671404838562

V Loss: 0.519003669420878

l1_neurons = 128
l2_neurons = 0
l3_neurons = 0
dp0 = 0
dp1 = 0.0
dp2 = 0
dp3 = 0
lr = 0.0007
wd = 1e-06
lambda1_dim1 = 0.0003
lambda2_dim1 = 0.05
lambda1_dim2 = 0.0008
lambda2_dim2 = 0.05
