2020-04-09 11:58:31.047621
Model name: diabnet/models/model-sp-soft-label-positives-1000-nodropout-bn-decay-001.pth

Confusion matrix:
[[117.  23.]
 [  7.  33.]]

T Loss: 0.43693516254425047

T Loss(reg): 0.8443578004837036

V Loss: 0.5166637996832529

l1_neurons = 128
l2_neurons = 0
l3_neurons = 0
dp0 = 0
dp1 = 0.0
dp2 = 0
dp3 = 0
lr = 0.0007
wd = 1e-06
lambda1_dim1 = 0.0003
lambda2_dim1 = 0.05
lambda1_dim2 = 0.0008
lambda2_dim2 = 0.05
