2020-04-29 13:38:41.916867
Model name: diabnet/models/model-32-sp-soft-label-randomized_positives-1000-dropout0-05-bn-decay-flood-050.pth

Confusion matrix:
[[106.  26.]
 [ 33.  15.]]

T Loss: 0.5201634764671326

T Loss(reg): 0.8829297065734864

V Loss: 0.7590944766998291

l1_neurons = 32
l2_neurons = 0
l3_neurons = 0
dp0 = 0.5
dp1 = 0.0
dp2 = 0
dp3 = 0
lr = 0.0007
wd = 1e-06
lambda1_dim1 = 0.0003
lambda2_dim1 = 0.05
lambda1_dim2 = 0.0008
lambda2_dim2 = 0.05
