2020-03-31 17:32:47.959352
Model name: diabnet/models/model-sp-soft-label-negatives-1000-dropout005-decay-067.pth'

Confusion matrix:
[[109.36666667  33.63333333]
 [ 29.1          7.9       ]]

T Loss: 0.5176935076713562

T Loss(reg): 0.810454249382019

V Loss: 0.7711939964029524

l1_neurons = 128
l2_neurons = 0
l3_neurons = 0
dp0 = 0
dp1 = 0.05
dp2 = 0
dp3 = 0
lr = 0.0007
wd = 1e-06
lambda1_dim1 = 0.0003
lambda2_dim1 = 0.05
lambda1_dim2 = 0.0008
lambda2_dim2 = 0.05
