2020-04-06 12:35:36.763718
Model name: diabnet/models/model-sp-soft-label-random-1000-nodropout-decay-012.pth

Confusion matrix:
[[114.  19.]
 [ 40.   7.]]

T Loss: 0.522262454032898

T Loss(reg): 0.8247421860694886

V Loss: 0.7983870108922323

l1_neurons = 128
l2_neurons = 0
l3_neurons = 0
dp0 = 0
dp1 = 0.0
dp2 = 0
dp3 = 0
lr = 0.0007
wd = 1e-06
lambda1_dim1 = 0.0003
lambda2_dim1 = 0.05
lambda1_dim2 = 0.0008
lambda2_dim2 = 0.05
