2020-04-10 00:36:13.314183
Model name: diabnet/models/model-sp-soft-label-negatives-1000-nodropout-bn-decay-096.pth

Confusion matrix:
[[93. 52.]
 [23. 12.]]

T Loss: 0.37041462659835817

T Loss(reg): 0.7132412552833557

V Loss: 0.9147576491038004

l1_neurons = 128
l2_neurons = 0
l3_neurons = 0
dp0 = 0
dp1 = 0.0
dp2 = 0
dp3 = 0
lr = 0.0007
wd = 1e-06
lambda1_dim1 = 0.0003
lambda2_dim1 = 0.05
lambda1_dim2 = 0.0008
lambda2_dim2 = 0.05
