2020-03-06 22:45:33.811690
Model name: diabnet/models/model-sp-soft-label-positives-1000-decay-099.pth'

Confusion matrix:
[[127.2         13.8       ]
 [ 14.33333333  24.66666667]]

T Loss: 0.4501532673835754

T Loss(reg): 0.7846561789512634

V Loss: 0.5727201028002633

l1_neurons = 256
l2_neurons = 0
l3_neurons = 0
dp0 = 0
dp1 = 0.5
dp2 = 0
dp3 = 0
lr = 0.0007
wd = 1e-06
lambda1_dim1 = 0.0003
lambda2_dim1 = 0.05
lambda1_dim2 = 0.0008
lambda2_dim2 = 0.05
