2020-04-15 11:04:18.140410
Model name: diabnet/models/model-32-sp-soft-label-negatives-1000-dropout0-05-bn-decay-026.pth

Confusion matrix:
[[109.  28.]
 [ 38.   5.]]

T Loss: 0.5806169629096984

T Loss(reg): 0.8556944489479065

V Loss: 0.7341241836547852

l1_neurons = 32
l2_neurons = 0
l3_neurons = 0
dp0 = 0.5
dp1 = 0.0
dp2 = 0
dp3 = 0
lr = 0.0007
wd = 1e-06
lambda1_dim1 = 0.0003
lambda2_dim1 = 0.05
lambda1_dim2 = 0.0008
lambda2_dim2 = 0.05
