2020-04-06 20:10:05.441508
Model name: diabnet/models/model-sp-soft-label-random-1000-nodropout-decay-077.pth

Confusion matrix:
[[112.  22.]
 [ 40.   6.]]

T Loss: 0.5262869358062744

T Loss(reg): 0.8300856471061706

V Loss: 0.7845309575398763

l1_neurons = 128
l2_neurons = 0
l3_neurons = 0
dp0 = 0
dp1 = 0.0
dp2 = 0
dp3 = 0
lr = 0.0007
wd = 1e-06
lambda1_dim1 = 0.0003
lambda2_dim1 = 0.05
lambda1_dim2 = 0.0008
lambda2_dim2 = 0.05
