2020-03-31 15:02:15.277324
Model name: diabnet/models/model-sp-soft-label-negatives-1000-dropout005-decay-044.pth'

Confusion matrix:
[[103.66666667  29.33333333]
 [ 32.56666667  14.43333333]]

T Loss: 0.46643936038017275

T Loss(reg): 0.779373848438263

V Loss: 0.7675739533371395

l1_neurons = 128
l2_neurons = 0
l3_neurons = 0
dp0 = 0
dp1 = 0.05
dp2 = 0
dp3 = 0
lr = 0.0007
wd = 1e-06
lambda1_dim1 = 0.0003
lambda2_dim1 = 0.05
lambda1_dim2 = 0.0008
lambda2_dim2 = 0.05
