2020-03-24 16:57:53.108924
Model name: diabnet/models/model-sp-soft-label-positives-1000-dropout005-decay-058.pth'

Confusion matrix:
[[134.26666667   8.73333333]
 [  8.8         28.2       ]]

T Loss: 0.4564540684223175

T Loss(reg): 0.8407727241516113

V Loss: 0.5105794529120128

l1_neurons = 128
l2_neurons = 0
l3_neurons = 0
dp0 = 0
dp1 = 0.05
dp2 = 0
dp3 = 0
lr = 0.0007
wd = 1e-06
lambda1_dim1 = 0.0003
lambda2_dim1 = 0.05
lambda1_dim2 = 0.0008
lambda2_dim2 = 0.05
