2020-04-14 13:40:37.341198
Model name: diabnet/models/model-sp-soft-label-negatives-1000-dropout0-05-bn-decay-053.pth

Confusion matrix:
[[91. 43.]
 [31. 15.]]

T Loss: 0.41997565031051637

T Loss(reg): 0.745237159729004

V Loss: 0.8947776158650717

l1_neurons = 128
l2_neurons = 0
l3_neurons = 0
dp0 = 0.5
dp1 = 0.0
dp2 = 0
dp3 = 0
lr = 0.0007
wd = 1e-06
lambda1_dim1 = 0.0003
lambda2_dim1 = 0.05
lambda1_dim2 = 0.0008
lambda2_dim2 = 0.05
