2020-04-15 15:55:42.069474
Model name: diabnet/models/model-32-sp-soft-label-positives-1000-dropout0-05-bn-decay-005.pth

Confusion matrix:
[[127.  15.]
 [ 16.  22.]]

T Loss: 0.46335943341255187

T Loss(reg): 0.8123817920684815

V Loss: 0.5926700631777445

l1_neurons = 32
l2_neurons = 0
l3_neurons = 0
dp0 = 0.5
dp1 = 0.0
dp2 = 0
dp3 = 0
lr = 0.0007
wd = 1e-06
lambda1_dim1 = 0.0003
lambda2_dim1 = 0.05
lambda1_dim2 = 0.0008
lambda2_dim2 = 0.05
