2020-04-03 20:10:08.474370
Model name: diabnet/models/model-sp-soft-label-random-1000-dropout005-decay-095.pth

Confusion matrix:
[[109.16666667  35.83333333]
 [ 25.5          9.5       ]]

T Loss: 0.49816771149635314

T Loss(reg): 0.7810039758682251

V Loss: 0.7583082212342156

l1_neurons = 128
l2_neurons = 0
l3_neurons = 0
dp0 = 0
dp1 = 0.05
dp2 = 0
dp3 = 0
lr = 0.0007
wd = 1e-06
lambda1_dim1 = 0.0003
lambda2_dim1 = 0.05
lambda1_dim2 = 0.0008
lambda2_dim2 = 0.05
