2020-04-03 18:13:49.477512
Model name: diabnet/models/model-sp-soft-label-random-1000-dropout005-decay-061.pth

Confusion matrix:
[[105.73333333  36.26666667]
 [ 29.9          8.1       ]]

T Loss: 0.49845882058143615

T Loss(reg): 0.780847179889679

V Loss: 0.7781483583980137

l1_neurons = 128
l2_neurons = 0
l3_neurons = 0
dp0 = 0
dp1 = 0.05
dp2 = 0
dp3 = 0
lr = 0.0007
wd = 1e-06
lambda1_dim1 = 0.0003
lambda2_dim1 = 0.05
lambda1_dim2 = 0.0008
lambda2_dim2 = 0.05
