2020-04-03 14:54:12.929565
Model name: diabnet/models/model-sp-soft-label-random-1000-dropout005-decay-002.pth

Confusion matrix:
[[122.4         26.6       ]
 [ 24.96666667   6.03333333]]

T Loss: 0.5363019585609436

T Loss(reg): 0.8213827013969421

V Loss: 0.7436948835849762

l1_neurons = 128
l2_neurons = 0
l3_neurons = 0
dp0 = 0
dp1 = 0.05
dp2 = 0
dp3 = 0
lr = 0.0007
wd = 1e-06
lambda1_dim1 = 0.0003
lambda2_dim1 = 0.05
lambda1_dim2 = 0.0008
lambda2_dim2 = 0.05
