2020-04-28 13:43:09.746135
Model name: diabnet/models/model-32-sp-soft-label-negatives-1000-dropout0-05-bn-decay-flood-074.pth

Confusion matrix:
[[114.  23.]
 [ 37.   6.]]

T Loss: 0.586534571647644

T Loss(reg): 0.8468680024147034

V Loss: 0.7186908920605978

l1_neurons = 32
l2_neurons = 0
l3_neurons = 0
dp0 = 0.5
dp1 = 0.0
dp2 = 0
dp3 = 0
lr = 0.0007
wd = 1e-06
lambda1_dim1 = 0.0003
lambda2_dim1 = 0.05
lambda1_dim2 = 0.0008
lambda2_dim2 = 0.05
