2020-04-06 15:23:16.375090
Model name: diabnet/models/model-sp-soft-label-random-1000-nodropout-decay-036.pth

Confusion matrix:
[[91. 33.]
 [49.  7.]]

T Loss: 0.48286492228507993

T Loss(reg): 0.8035201787948608

V Loss: 0.9348617593447367

l1_neurons = 128
l2_neurons = 0
l3_neurons = 0
dp0 = 0
dp1 = 0.0
dp2 = 0
dp3 = 0
lr = 0.0007
wd = 1e-06
lambda1_dim1 = 0.0003
lambda2_dim1 = 0.05
lambda1_dim2 = 0.0008
lambda2_dim2 = 0.05
