2020-04-09 12:59:33.334656
Model name: diabnet/models/model-sp-soft-label-positives-1000-nodropout-bn-decay-019.pth

Confusion matrix:
[[127.  15.]
 [ 13.  25.]]

T Loss: 0.4270321249961853

T Loss(reg): 0.8358499765396118

V Loss: 0.5581450263659159

l1_neurons = 128
l2_neurons = 0
l3_neurons = 0
dp0 = 0
dp1 = 0.0
dp2 = 0
dp3 = 0
lr = 0.0007
wd = 1e-06
lambda1_dim1 = 0.0003
lambda2_dim1 = 0.05
lambda1_dim2 = 0.0008
lambda2_dim2 = 0.05
