2020-04-07 16:40:00.148135
Model name: diabnet/models/model-sp-soft-label-negative-1000-nodropout-decay-074.pth

Confusion matrix:
[[118.  30.]
 [ 22.  10.]]

T Loss: 0.4597438871860504

T Loss(reg): 0.7741480112075806

V Loss: 0.7193736433982849

l1_neurons = 128
l2_neurons = 0
l3_neurons = 0
dp0 = 0
dp1 = 0.0
dp2 = 0
dp3 = 0
lr = 0.0007
wd = 1e-06
lambda1_dim1 = 0.0003
lambda2_dim1 = 0.05
lambda1_dim2 = 0.0008
lambda2_dim2 = 0.05
