2020-04-09 16:44:06.288555
Model name: diabnet/models/model-sp-soft-label-positives-1000-nodropout-bn-decay-085.pth

Confusion matrix:
[[108.  22.]
 [ 10.  40.]]

T Loss: 0.4255545914173126

T Loss(reg): 0.8533185362815857

V Loss: 0.5294975241025289

l1_neurons = 128
l2_neurons = 0
l3_neurons = 0
dp0 = 0
dp1 = 0.0
dp2 = 0
dp3 = 0
lr = 0.0007
wd = 1e-06
lambda1_dim1 = 0.0003
lambda2_dim1 = 0.05
lambda1_dim2 = 0.0008
lambda2_dim2 = 0.05
