2020-03-24 19:12:37.219021
Model name: diabnet/models/model-sp-soft-label-positives-1000-dropout005-decay-098.pth'

Confusion matrix:
[[118.2         19.8       ]
 [ 18.16666667  23.83333333]]

T Loss: 0.45320095419883727

T Loss(reg): 0.8227305173873901

V Loss: 0.6032967726389568

l1_neurons = 128
l2_neurons = 0
l3_neurons = 0
dp0 = 0
dp1 = 0.05
dp2 = 0
dp3 = 0
lr = 0.0007
wd = 1e-06
lambda1_dim1 = 0.0003
lambda2_dim1 = 0.05
lambda1_dim2 = 0.0008
lambda2_dim2 = 0.05
