2020-04-03 18:17:15.975860
Model name: diabnet/models/model-sp-soft-label-random-1000-dropout005-decay-062.pth

Confusion matrix:
[[109.2         31.8       ]
 [ 27.63333333  11.36666667]]

T Loss: 0.509720778465271

T Loss(reg): 0.7822983145713807

V Loss: 0.7529146764013502

l1_neurons = 128
l2_neurons = 0
l3_neurons = 0
dp0 = 0
dp1 = 0.05
dp2 = 0
dp3 = 0
lr = 0.0007
wd = 1e-06
lambda1_dim1 = 0.0003
lambda2_dim1 = 0.05
lambda1_dim2 = 0.0008
lambda2_dim2 = 0.05
