2020-04-09 22:13:24.053891
Model name: diabnet/models/model-sp-soft-label-negatives-1000-nodropout-bn-decay-055.pth

Confusion matrix:
[[85. 58.]
 [26. 11.]]

T Loss: 0.3341109395027161

T Loss(reg): 0.677937924861908

V Loss: 1.0539923508961995

l1_neurons = 128
l2_neurons = 0
l3_neurons = 0
dp0 = 0
dp1 = 0.0
dp2 = 0
dp3 = 0
lr = 0.0007
wd = 1e-06
lambda1_dim1 = 0.0003
lambda2_dim1 = 0.05
lambda1_dim2 = 0.0008
lambda2_dim2 = 0.05
