2020-03-16 18:12:21.646272
Model name: diabnet/models/model-sp-soft-label-positives-1000-nodropout-decay-053.pth'

Confusion matrix:
[[125.  12.]
 [ 16.  27.]]

T Loss: 0.4454017400741577

T Loss(reg): 0.8398301243782044

V Loss: 0.5467848181724548

l1_neurons = 128
l2_neurons = 0
l3_neurons = 0
dp0 = 0
dp1 = 0.0
dp2 = 0
dp3 = 0
lr = 0.0007
wd = 1e-06
lambda1_dim1 = 0.0003
lambda2_dim1 = 0.05
lambda1_dim2 = 0.0008
lambda2_dim2 = 0.05
