2020-04-15 15:01:03.744336
Model name: diabnet/models/model-32-sp-soft-label-negatives-1000-dropout0-05-bn-decay-094.pth

Confusion matrix:
[[115.  19.]
 [ 36.  10.]]

T Loss: 0.570733392238617

T Loss(reg): 0.8462065100669861

V Loss: 0.7283851305643717

l1_neurons = 32
l2_neurons = 0
l3_neurons = 0
dp0 = 0.5
dp1 = 0.0
dp2 = 0
dp3 = 0
lr = 0.0007
wd = 1e-06
lambda1_dim1 = 0.0003
lambda2_dim1 = 0.05
lambda1_dim2 = 0.0008
lambda2_dim2 = 0.05
