2020-03-31 12:50:16.609304
Model name: diabnet/models/model-sp-soft-label-negatives-1000-dropout005-decay-007.pth'

Confusion matrix:
[[106.2         33.8       ]
 [ 27.06666667  12.93333333]]

T Loss: 0.44337921142578124

T Loss(reg): 0.7638598918914795

V Loss: 0.7870051523049673

l1_neurons = 128
l2_neurons = 0
l3_neurons = 0
dp0 = 0
dp1 = 0.05
dp2 = 0
dp3 = 0
lr = 0.0007
wd = 1e-06
lambda1_dim1 = 0.0003
lambda2_dim1 = 0.05
lambda1_dim2 = 0.0008
lambda2_dim2 = 0.05
