2020-04-06 14:41:12.981296
Model name: diabnet/models/model-sp-soft-label-random-1000-nodropout-decay-030.pth

Confusion matrix:
[[105.  26.]
 [ 41.   8.]]

T Loss: 0.4523901104927063

T Loss(reg): 0.7663589239120483

V Loss: 0.8040754993756613

l1_neurons = 128
l2_neurons = 0
l3_neurons = 0
dp0 = 0
dp1 = 0.0
dp2 = 0
dp3 = 0
lr = 0.0007
wd = 1e-06
lambda1_dim1 = 0.0003
lambda2_dim1 = 0.05
lambda1_dim2 = 0.0008
lambda2_dim2 = 0.05
