2020-04-15 11:11:15.469548
Model name: diabnet/models/model-32-sp-soft-label-negatives-1000-dropout0-05-bn-decay-028.pth

Confusion matrix:
[[114.  28.]
 [ 33.   5.]]

T Loss: 0.5195769429206848

T Loss(reg): 0.8108736872673035

V Loss: 0.8199973503748575

l1_neurons = 32
l2_neurons = 0
l3_neurons = 0
dp0 = 0.5
dp1 = 0.0
dp2 = 0
dp3 = 0
lr = 0.0007
wd = 1e-06
lambda1_dim1 = 0.0003
lambda2_dim1 = 0.05
lambda1_dim2 = 0.0008
lambda2_dim2 = 0.05
