2020-04-03 16:35:11.646331
Model name: diabnet/models/model-sp-soft-label-random-1000-dropout005-decay-032.pth

Confusion matrix:
[[109.6         27.4       ]
 [ 35.86666667   7.13333333]]

T Loss: 0.4730782926082611

T Loss(reg): 0.7645647764205933

V Loss: 0.7797286530335744

l1_neurons = 128
l2_neurons = 0
l3_neurons = 0
dp0 = 0
dp1 = 0.05
dp2 = 0
dp3 = 0
lr = 0.0007
wd = 1e-06
lambda1_dim1 = 0.0003
lambda2_dim1 = 0.05
lambda1_dim2 = 0.0008
lambda2_dim2 = 0.05
