2020-03-24 17:38:05.220030
Model name: diabnet/models/model-sp-soft-label-positives-1000-dropout005-decay-070.pth'

Confusion matrix:
[[134.23333333  14.76666667]
 [ 11.26666667  19.73333333]]

T Loss: 0.43953874707221985

T Loss(reg): 0.8245189428329468

V Loss: 0.5395990120040046

l1_neurons = 128
l2_neurons = 0
l3_neurons = 0
dp0 = 0
dp1 = 0.05
dp2 = 0
dp3 = 0
lr = 0.0007
wd = 1e-06
lambda1_dim1 = 0.0003
lambda2_dim1 = 0.05
lambda1_dim2 = 0.0008
lambda2_dim2 = 0.05
