2020-03-16 18:43:00.328201
Model name: diabnet/models/model-sp-soft-label-positives-1000-nodropout-decay-062.pth'

Confusion matrix:
[[123.  13.]
 [ 15.  29.]]

T Loss: 0.44810483455657957

T Loss(reg): 0.8460508823394776

V Loss: 0.5342910091082255

l1_neurons = 128
l2_neurons = 0
l3_neurons = 0
dp0 = 0
dp1 = 0.0
dp2 = 0
dp3 = 0
lr = 0.0007
wd = 1e-06
lambda1_dim1 = 0.0003
lambda2_dim1 = 0.05
lambda1_dim2 = 0.0008
lambda2_dim2 = 0.05
