2020-04-27 23:53:23.528054
Model name: diabnet/models/model-32-sp-soft-label-positives-1000-dropout0-05-bn-decay-flood-078.pth

Confusion matrix:
[[118.  23.]
 [  8.  31.]]

T Loss: 0.462524551153183

T Loss(reg): 0.8177675724029541

V Loss: 0.569576362768809

l1_neurons = 32
l2_neurons = 0
l3_neurons = 0
dp0 = 0.5
dp1 = 0.0
dp2 = 0
dp3 = 0
lr = 0.0007
wd = 1e-06
lambda1_dim1 = 0.0003
lambda2_dim1 = 0.05
lambda1_dim2 = 0.0008
lambda2_dim2 = 0.05
