2020-03-06 20:12:35.875816
Model name: diabnet/models/model-sp-soft-label-positives-1000-decay-054.pth'

Confusion matrix:
[[126.43333333  12.56666667]
 [ 12.36666667  28.63333333]]

T Loss: 0.4492767572402954

T Loss(reg): 0.7941636562347412

V Loss: 0.554975939128134

l1_neurons = 256
l2_neurons = 0
l3_neurons = 0
dp0 = 0
dp1 = 0.5
dp2 = 0
dp3 = 0
lr = 0.0007
wd = 1e-06
lambda1_dim1 = 0.0003
lambda2_dim1 = 0.05
lambda1_dim2 = 0.0008
lambda2_dim2 = 0.05
