2020-03-31 13:30:20.926898
Model name: diabnet/models/model-sp-soft-label-negatives-1000-dropout005-decay-019.pth'

Confusion matrix:
[[111.16666667  29.83333333]
 [ 31.2          7.8       ]]

T Loss: 0.47426284551620485

T Loss(reg): 0.7775889277458191

V Loss: 0.7986363020208147

l1_neurons = 128
l2_neurons = 0
l3_neurons = 0
dp0 = 0
dp1 = 0.05
dp2 = 0
dp3 = 0
lr = 0.0007
wd = 1e-06
lambda1_dim1 = 0.0003
lambda2_dim1 = 0.05
lambda1_dim2 = 0.0008
lambda2_dim2 = 0.05
