2020-04-13 19:02:59.111094
Model name: diabnet/models/model-sp-soft-label-random-1000-dropout0-05-bn-decay-038.pth

Confusion matrix:
[[116.  30.]
 [ 24.  10.]]

T Loss: 0.4300953924655914

T Loss(reg): 0.7258393049240113

V Loss: 0.7515153686205546

l1_neurons = 128
l2_neurons = 0
l3_neurons = 0
dp0 = 0.5
dp1 = 0.0
dp2 = 0
dp3 = 0
lr = 0.0007
wd = 1e-06
lambda1_dim1 = 0.0003
lambda2_dim1 = 0.05
lambda1_dim2 = 0.0008
lambda2_dim2 = 0.05
