2020-04-03 19:35:56.763853
Model name: diabnet/models/model-sp-soft-label-random-1000-dropout005-decay-085.pth

Confusion matrix:
[[112.53333333  26.46666667]
 [ 32.03333333   8.96666667]]

T Loss: 0.5264223456382752

T Loss(reg): 0.8129187941551208

V Loss: 0.7376429206795163

l1_neurons = 128
l2_neurons = 0
l3_neurons = 0
dp0 = 0
dp1 = 0.05
dp2 = 0
dp3 = 0
lr = 0.0007
wd = 1e-06
lambda1_dim1 = 0.0003
lambda2_dim1 = 0.05
lambda1_dim2 = 0.0008
lambda2_dim2 = 0.05
