2020-04-06 15:37:17.999999
Model name: diabnet/models/model-sp-soft-label-random-1000-nodropout-decay-038.pth

Confusion matrix:
[[100.  40.]
 [ 33.   7.]]

T Loss: 0.4750405788421631

T Loss(reg): 0.7804296851158142

V Loss: 0.88255641857783

l1_neurons = 128
l2_neurons = 0
l3_neurons = 0
dp0 = 0
dp1 = 0.0
dp2 = 0
dp3 = 0
lr = 0.0007
wd = 1e-06
lambda1_dim1 = 0.0003
lambda2_dim1 = 0.05
lambda1_dim2 = 0.0008
lambda2_dim2 = 0.05
