2020-04-15 14:22:36.902176
Model name: diabnet/models/model-32-sp-soft-label-negatives-1000-dropout0-05-bn-decay-083.pth

Confusion matrix:
[[110.  20.]
 [ 48.   2.]]

T Loss: 0.5771859645843506

T Loss(reg): 0.8540428519248963

V Loss: 0.7744240760803223

l1_neurons = 32
l2_neurons = 0
l3_neurons = 0
dp0 = 0.5
dp1 = 0.0
dp2 = 0
dp3 = 0
lr = 0.0007
wd = 1e-06
lambda1_dim1 = 0.0003
lambda2_dim1 = 0.05
lambda1_dim2 = 0.0008
lambda2_dim2 = 0.05
