2020-03-31 12:46:55.616685
Model name: diabnet/models/model-sp-soft-label-negatives-1000-dropout005-decay-006.pth'

Confusion matrix:
[[98.86666667 37.13333333]
 [33.83333333 10.16666667]]

T Loss: 0.5479130148887634

T Loss(reg): 0.8254230976104736

V Loss: 0.7941474550300174

l1_neurons = 128
l2_neurons = 0
l3_neurons = 0
dp0 = 0
dp1 = 0.05
dp2 = 0
dp3 = 0
lr = 0.0007
wd = 1e-06
lambda1_dim1 = 0.0003
lambda2_dim1 = 0.05
lambda1_dim2 = 0.0008
lambda2_dim2 = 0.05
