2020-04-13 19:38:40.502656
Model name: diabnet/models/model-sp-soft-label-random-1000-dropout0-05-bn-decay-048.pth

Confusion matrix:
[[111.  27.]
 [ 35.   7.]]

T Loss: 0.4322137713432312

T Loss(reg): 0.7559611320495605

V Loss: 0.8764169216156006

l1_neurons = 128
l2_neurons = 0
l3_neurons = 0
dp0 = 0.5
dp1 = 0.0
dp2 = 0
dp3 = 0
lr = 0.0007
wd = 1e-06
lambda1_dim1 = 0.0003
lambda2_dim1 = 0.05
lambda1_dim2 = 0.0008
lambda2_dim2 = 0.05
