2020-04-13 18:23:50.624519
Model name: diabnet/models/model-sp-soft-label-random-1000-dropout0-05-bn-decay-027.pth

Confusion matrix:
[[106.  36.]
 [ 24.  14.]]

T Loss: 0.42972974181175233

T Loss(reg): 0.7416259288787842

V Loss: 0.8091119925181071

l1_neurons = 128
l2_neurons = 0
l3_neurons = 0
dp0 = 0.5
dp1 = 0.0
dp2 = 0
dp3 = 0
lr = 0.0007
wd = 1e-06
lambda1_dim1 = 0.0003
lambda2_dim1 = 0.05
lambda1_dim2 = 0.0008
lambda2_dim2 = 0.05
