2020-04-15 16:40:35.551377
Model name: diabnet/models/model-32-sp-soft-label-positives-1000-dropout0-05-bn-decay-018.pth

Confusion matrix:
[[130.  13.]
 [  8.  29.]]

T Loss: 0.4645393073558807

T Loss(reg): 0.8288499355316162

V Loss: 0.516544779141744

l1_neurons = 32
l2_neurons = 0
l3_neurons = 0
dp0 = 0.5
dp1 = 0.0
dp2 = 0
dp3 = 0
lr = 0.0007
wd = 1e-06
lambda1_dim1 = 0.0003
lambda2_dim1 = 0.05
lambda1_dim2 = 0.0008
lambda2_dim2 = 0.05
