2020-04-27 20:50:27.361767
Model name: diabnet/models/model-32-sp-soft-label-positives-1000-dropout0-05-bn-decay-flood-026.pth

Confusion matrix:
[[118.  13.]
 [ 12.  37.]]

T Loss: 0.4625993430614471

T Loss(reg): 0.8295755624771118

V Loss: 0.5137742360432943

l1_neurons = 32
l2_neurons = 0
l3_neurons = 0
dp0 = 0.5
dp1 = 0.0
dp2 = 0
dp3 = 0
lr = 0.0007
wd = 1e-06
lambda1_dim1 = 0.0003
lambda2_dim1 = 0.05
lambda1_dim2 = 0.0008
lambda2_dim2 = 0.05
