2020-03-31 18:10:22.345858
Model name: diabnet/models/model-sp-soft-label-negatives-1000-dropout005-decay-072.pth'

Confusion matrix:
[[94.2 36.8]
 [35.9 13.1]]

T Loss: 0.4857048034667969

T Loss(reg): 0.7923434138298034

V Loss: 0.8109188649389479

l1_neurons = 128
l2_neurons = 0
l3_neurons = 0
dp0 = 0
dp1 = 0.05
dp2 = 0
dp3 = 0
lr = 0.0007
wd = 1e-06
lambda1_dim1 = 0.0003
lambda2_dim1 = 0.05
lambda1_dim2 = 0.0008
lambda2_dim2 = 0.05
