2020-04-30 11:58:40.177898
Model name: diabnet/models/model-32-sp-soft-label-randomized_1_positives-1000-dropout0-05-bn-decay-flood-009.pth

Confusion matrix:
[[109.  29.]
 [ 22.  20.]]

T Loss: 0.5213653206825256

T Loss(reg): 0.8971879482269287

V Loss: 0.6951684554417928

l1_neurons = 32
l2_neurons = 0
l3_neurons = 0
dp0 = 0.5
dp1 = 0.0
dp2 = 0
dp3 = 0
lr = 0.0007
wd = 1e-06
lambda1_dim1 = 0.0003
lambda2_dim1 = 0.05
lambda1_dim2 = 0.0008
lambda2_dim2 = 0.05
