2020-04-07 13:19:41.662057
Model name: diabnet/models/model-sp-soft-label-negative-1000-nodropout-decay-047.pth

Confusion matrix:
[[103.  32.]
 [ 37.   8.]]

T Loss: 0.49902671575546265

T Loss(reg): 0.8064769983291626

V Loss: 0.8075381517410278

l1_neurons = 128
l2_neurons = 0
l3_neurons = 0
dp0 = 0
dp1 = 0.0
dp2 = 0
dp3 = 0
lr = 0.0007
wd = 1e-06
lambda1_dim1 = 0.0003
lambda2_dim1 = 0.05
lambda1_dim2 = 0.0008
lambda2_dim2 = 0.05
