2020-03-06 18:34:14.286922
Model name: diabnet/models/model-sp-soft-label-positives-1000-decay-025.pth'

Confusion matrix:
[[121.6         15.4       ]
 [ 10.66666667  32.33333333]]

T Loss: 0.4299981355667114

T Loss(reg): 0.7659545421600342

V Loss: 0.5415598425600264

l1_neurons = 256
l2_neurons = 0
l3_neurons = 0
dp0 = 0
dp1 = 0.5
dp2 = 0
dp3 = 0
lr = 0.0007
wd = 1e-06
lambda1_dim1 = 0.0003
lambda2_dim1 = 0.05
lambda1_dim2 = 0.0008
lambda2_dim2 = 0.05
