2020-04-09 16:06:47.929296
Model name: diabnet/models/model-sp-soft-label-positives-1000-nodropout-bn-decay-074.pth

Confusion matrix:
[[114.  23.]
 [  9.  34.]]

T Loss: 0.4267795324325562

T Loss(reg): 0.8254576921463013

V Loss: 0.5474170843760172

l1_neurons = 128
l2_neurons = 0
l3_neurons = 0
dp0 = 0
dp1 = 0.0
dp2 = 0
dp3 = 0
lr = 0.0007
wd = 1e-06
lambda1_dim1 = 0.0003
lambda2_dim1 = 0.05
lambda1_dim2 = 0.0008
lambda2_dim2 = 0.05
