2020-03-31 13:16:56.563082
Model name: diabnet/models/model-sp-soft-label-negatives-1000-dropout005-decay-015.pth'

Confusion matrix:
[[94.3 44.7]
 [26.7 14.3]]

T Loss: 0.42771878838539124

T Loss(reg): 0.7609375596046448

V Loss: 0.8709736691580878

l1_neurons = 128
l2_neurons = 0
l3_neurons = 0
dp0 = 0
dp1 = 0.05
dp2 = 0
dp3 = 0
lr = 0.0007
wd = 1e-06
lambda1_dim1 = 0.0003
lambda2_dim1 = 0.05
lambda1_dim2 = 0.0008
lambda2_dim2 = 0.05
