2020-04-03 18:34:18.813648
Model name: diabnet/models/model-sp-soft-label-random-1000-dropout005-decay-067.pth

Confusion matrix:
[[104.86666667  28.13333333]
 [ 37.16666667   9.83333333]]

T Loss: 0.49537534117698667

T Loss(reg): 0.7761386394500732

V Loss: 0.8359052532249027

l1_neurons = 128
l2_neurons = 0
l3_neurons = 0
dp0 = 0
dp1 = 0.05
dp2 = 0
dp3 = 0
lr = 0.0007
wd = 1e-06
lambda1_dim1 = 0.0003
lambda2_dim1 = 0.05
lambda1_dim2 = 0.0008
lambda2_dim2 = 0.05
