2020-03-31 20:34:05.666012
Model name: diabnet/models/model-sp-soft-label-negatives-1000-dropout005-decay-094.pth'

Confusion matrix:
[[119.76666667  27.23333333]
 [ 22.73333333  10.26666667]]

T Loss: 0.5014093279838562

T Loss(reg): 0.7721334815025329

V Loss: 0.7343143284320831

l1_neurons = 128
l2_neurons = 0
l3_neurons = 0
dp0 = 0
dp1 = 0.05
dp2 = 0
dp3 = 0
lr = 0.0007
wd = 1e-06
lambda1_dim1 = 0.0003
lambda2_dim1 = 0.05
lambda1_dim2 = 0.0008
lambda2_dim2 = 0.05
