2020-04-03 18:03:31.200049
Model name: diabnet/models/model-sp-soft-label-random-1000-dropout005-decay-058.pth

Confusion matrix:
[[109.33333333  32.66666667]
 [ 27.6         10.4       ]]

T Loss: 0.4901645302772522

T Loss(reg): 0.8038071036338806

V Loss: 0.7950805988576677

l1_neurons = 128
l2_neurons = 0
l3_neurons = 0
dp0 = 0
dp1 = 0.05
dp2 = 0
dp3 = 0
lr = 0.0007
wd = 1e-06
lambda1_dim1 = 0.0003
lambda2_dim1 = 0.05
lambda1_dim2 = 0.0008
lambda2_dim2 = 0.05
