2020-04-03 16:58:47.877660
Model name: diabnet/models/model-sp-soft-label-random-1000-dropout005-decay-039.pth

Confusion matrix:
[[111.43333333  29.56666667]
 [ 27.13333333  11.86666667]]

T Loss: 0.47549806237220765

T Loss(reg): 0.7752823829650879

V Loss: 0.7573196113109588

l1_neurons = 128
l2_neurons = 0
l3_neurons = 0
dp0 = 0
dp1 = 0.05
dp2 = 0
dp3 = 0
lr = 0.0007
wd = 1e-06
lambda1_dim1 = 0.0003
lambda2_dim1 = 0.05
lambda1_dim2 = 0.0008
lambda2_dim2 = 0.05
