2020-04-29 15:03:22.709736
Model name: diabnet/models/model-32-sp-soft-label-randomized_positives-1000-dropout0-05-bn-decay-flood-074.pth

Confusion matrix:
[[100.  35.]
 [ 25.  20.]]

T Loss: 0.5217005014419556

T Loss(reg): 0.8866334676742553

V Loss: 0.7583120266596476

l1_neurons = 32
l2_neurons = 0
l3_neurons = 0
dp0 = 0.5
dp1 = 0.0
dp2 = 0
dp3 = 0
lr = 0.0007
wd = 1e-06
lambda1_dim1 = 0.0003
lambda2_dim1 = 0.05
lambda1_dim2 = 0.0008
lambda2_dim2 = 0.05
