2020-04-15 14:54:04.512383
Model name: diabnet/models/model-32-sp-soft-label-negatives-1000-dropout0-05-bn-decay-092.pth

Confusion matrix:
[[114.  26.]
 [ 34.   6.]]

T Loss: 0.5132587313652038

T Loss(reg): 0.8117319941520691

V Loss: 0.774931808312734

l1_neurons = 32
l2_neurons = 0
l3_neurons = 0
dp0 = 0.5
dp1 = 0.0
dp2 = 0
dp3 = 0
lr = 0.0007
wd = 1e-06
lambda1_dim1 = 0.0003
lambda2_dim1 = 0.05
lambda1_dim2 = 0.0008
lambda2_dim2 = 0.05
