2020-04-15 12:27:50.201350
Model name: diabnet/models/model-32-sp-soft-label-negatives-1000-dropout0-05-bn-decay-050.pth

Confusion matrix:
[[118.  21.]
 [ 31.  10.]]

T Loss: 0.5410658717155457

T Loss(reg): 0.812184464931488

V Loss: 0.7271937131881714

l1_neurons = 32
l2_neurons = 0
l3_neurons = 0
dp0 = 0.5
dp1 = 0.0
dp2 = 0
dp3 = 0
lr = 0.0007
wd = 1e-06
lambda1_dim1 = 0.0003
lambda2_dim1 = 0.05
lambda1_dim2 = 0.0008
lambda2_dim2 = 0.05
