2020-04-14 13:30:08.755687
Model name: diabnet/models/model-sp-soft-label-negatives-1000-dropout0-05-bn-decay-050.pth

Confusion matrix:
[[113.  32.]
 [ 29.   6.]]

T Loss: 0.4806623935699463

T Loss(reg): 0.786485242843628

V Loss: 0.7817081014315287

l1_neurons = 128
l2_neurons = 0
l3_neurons = 0
dp0 = 0.5
dp1 = 0.0
dp2 = 0
dp3 = 0
lr = 0.0007
wd = 1e-06
lambda1_dim1 = 0.0003
lambda2_dim1 = 0.05
lambda1_dim2 = 0.0008
lambda2_dim2 = 0.05
