2020-04-06 18:39:06.881502
Model name: diabnet/models/model-sp-soft-label-random-1000-nodropout-decay-064.pth

Confusion matrix:
[[112.  19.]
 [ 43.   6.]]

T Loss: 0.5269335389137269

T Loss(reg): 0.8318750381469726

V Loss: 0.7709400653839111

l1_neurons = 128
l2_neurons = 0
l3_neurons = 0
dp0 = 0
dp1 = 0.0
dp2 = 0
dp3 = 0
lr = 0.0007
wd = 1e-06
lambda1_dim1 = 0.0003
lambda2_dim1 = 0.05
lambda1_dim2 = 0.0008
lambda2_dim2 = 0.05
