2020-03-24 14:58:15.211838
Model name: diabnet/models/model-sp-soft-label-positives-1000-dropout005-decay-022.pth'

Confusion matrix:
[[121.4  20.6]
 [  7.   31. ]]

T Loss: 0.4431299328804016

T Loss(reg): 0.8366087079048157

V Loss: 0.5349775976604886

l1_neurons = 128
l2_neurons = 0
l3_neurons = 0
dp0 = 0
dp1 = 0.05
dp2 = 0
dp3 = 0
lr = 0.0007
wd = 1e-06
lambda1_dim1 = 0.0003
lambda2_dim1 = 0.05
lambda1_dim2 = 0.0008
lambda2_dim2 = 0.05
