2020-04-13 16:12:09.205296
Model name: diabnet/models/model-sp-soft-label-positives-1000-dropout0-05-bn-decay-095.pth

Confusion matrix:
[[132.   8.]
 [  9.  31.]]

T Loss: 0.44557373523712157

T Loss(reg): 0.8347768545150757

V Loss: 0.4883888562520345

l1_neurons = 128
l2_neurons = 0
l3_neurons = 0
dp0 = 0.5
dp1 = 0.0
dp2 = 0
dp3 = 0
lr = 0.0007
wd = 1e-06
lambda1_dim1 = 0.0003
lambda2_dim1 = 0.05
lambda1_dim2 = 0.0008
lambda2_dim2 = 0.05
