2020-04-03 15:04:20.554508
Model name: diabnet/models/model-sp-soft-label-random-1000-dropout005-decay-005.pth

Confusion matrix:
[[98.5 40.5]
 [30.4 10.6]]

T Loss: 0.4627615809440613

T Loss(reg): 0.751670241355896

V Loss: 0.8660025358200073

l1_neurons = 128
l2_neurons = 0
l3_neurons = 0
dp0 = 0
dp1 = 0.05
dp2 = 0
dp3 = 0
lr = 0.0007
wd = 1e-06
lambda1_dim1 = 0.0003
lambda2_dim1 = 0.05
lambda1_dim2 = 0.0008
lambda2_dim2 = 0.05
