2020-04-07 13:41:57.136568
Model name: diabnet/models/model-sp-soft-label-negative-1000-nodropout-decay-050.pth

Confusion matrix:
[[105.  33.]
 [ 28.  14.]]

T Loss: 0.4783185958862305

T Loss(reg): 0.7677187085151672

V Loss: 0.7444988687833151

l1_neurons = 128
l2_neurons = 0
l3_neurons = 0
dp0 = 0
dp1 = 0.0
dp2 = 0
dp3 = 0
lr = 0.0007
wd = 1e-06
lambda1_dim1 = 0.0003
lambda2_dim1 = 0.05
lambda1_dim2 = 0.0008
lambda2_dim2 = 0.05
