2020-04-13 15:54:50.231665
Model name: diabnet/models/model-sp-soft-label-positives-1000-dropout0-05-bn-decay-090.pth

Confusion matrix:
[[130.   9.]
 [ 15.  26.]]

T Loss: 0.4672426819801331

T Loss(reg): 0.8700759768486023

V Loss: 0.5368042389551798

l1_neurons = 128
l2_neurons = 0
l3_neurons = 0
dp0 = 0.5
dp1 = 0.0
dp2 = 0
dp3 = 0
lr = 0.0007
wd = 1e-06
lambda1_dim1 = 0.0003
lambda2_dim1 = 0.05
lambda1_dim2 = 0.0008
lambda2_dim2 = 0.05
