2020-04-14 15:15:09.023050
Model name: diabnet/models/model-sp-soft-label-negatives-1000-dropout0-05-bn-decay-080.pth

Confusion matrix:
[[110.  27.]
 [ 29.  14.]]

T Loss: 0.45556747913360596

T Loss(reg): 0.7509487390518188

V Loss: 0.8419722119967142

l1_neurons = 128
l2_neurons = 0
l3_neurons = 0
dp0 = 0.5
dp1 = 0.0
dp2 = 0
dp3 = 0
lr = 0.0007
wd = 1e-06
lambda1_dim1 = 0.0003
lambda2_dim1 = 0.05
lambda1_dim2 = 0.0008
lambda2_dim2 = 0.05
