2020-04-09 15:29:19.305864
Model name: diabnet/models/model-sp-soft-label-positives-1000-nodropout-bn-decay-063.pth

Confusion matrix:
[[107.  23.]
 [  6.  44.]]

T Loss: 0.43244521617889403

T Loss(reg): 0.8544841051101685

V Loss: 0.5098455647627512

l1_neurons = 128
l2_neurons = 0
l3_neurons = 0
dp0 = 0
dp1 = 0.0
dp2 = 0
dp3 = 0
lr = 0.0007
wd = 1e-06
lambda1_dim1 = 0.0003
lambda2_dim1 = 0.05
lambda1_dim2 = 0.0008
lambda2_dim2 = 0.05
