2020-04-13 19:56:32.199427
Model name: diabnet/models/model-sp-soft-label-random-1000-dropout0-05-bn-decay-053.pth

Confusion matrix:
[[102.  33.]
 [ 32.  13.]]

T Loss: 0.42084742784500123

T Loss(reg): 0.7475172758102417

V Loss: 0.8945614298184713

l1_neurons = 128
l2_neurons = 0
l3_neurons = 0
dp0 = 0.5
dp1 = 0.0
dp2 = 0
dp3 = 0
lr = 0.0007
wd = 1e-06
lambda1_dim1 = 0.0003
lambda2_dim1 = 0.05
lambda1_dim2 = 0.0008
lambda2_dim2 = 0.05
