2020-04-07 16:32:37.616608
Model name: diabnet/models/model-sp-soft-label-negative-1000-nodropout-decay-073.pth

Confusion matrix:
[[115.  32.]
 [ 23.  10.]]

T Loss: 0.40888830423355105

T Loss(reg): 0.7307468175888061

V Loss: 0.7748758395512899

l1_neurons = 128
l2_neurons = 0
l3_neurons = 0
dp0 = 0
dp1 = 0.0
dp2 = 0
dp3 = 0
lr = 0.0007
wd = 1e-06
lambda1_dim1 = 0.0003
lambda2_dim1 = 0.05
lambda1_dim2 = 0.0008
lambda2_dim2 = 0.05
