2020-04-13 14:00:20.819288
Model name: diabnet/models/model-sp-soft-label-positives-1000-dropout0-05-bn-decay-057.pth

Confusion matrix:
[[125.  17.]
 [ 10.  28.]]

T Loss: 0.44886898398399355

T Loss(reg): 0.825570809841156

V Loss: 0.5355478326479594

l1_neurons = 128
l2_neurons = 0
l3_neurons = 0
dp0 = 0.5
dp1 = 0.0
dp2 = 0
dp3 = 0
lr = 0.0007
wd = 1e-06
lambda1_dim1 = 0.0003
lambda2_dim1 = 0.05
lambda1_dim2 = 0.0008
lambda2_dim2 = 0.05
