2020-04-07 08:39:04.324203
Model name: diabnet/models/model-sp-soft-label-negative-1000-nodropout-decay-005.pth

Confusion matrix:
[[99. 31.]
 [42.  8.]]

T Loss: 0.49458555579185487

T Loss(reg): 0.7991941094398498

V Loss: 0.8340005079905192

l1_neurons = 128
l2_neurons = 0
l3_neurons = 0
dp0 = 0
dp1 = 0.0
dp2 = 0
dp3 = 0
lr = 0.0007
wd = 1e-06
lambda1_dim1 = 0.0003
lambda2_dim1 = 0.05
lambda1_dim2 = 0.0008
lambda2_dim2 = 0.05
