2020-04-09 21:10:39.828120
Model name: diabnet/models/model-sp-soft-label-negatives-1000-nodropout-bn-decay-037.pth

Confusion matrix:
[[95. 49.]
 [21. 15.]]

T Loss: 0.34030333161354065

T Loss(reg): 0.6942643880844116

V Loss: 0.9291465083758036

l1_neurons = 128
l2_neurons = 0
l3_neurons = 0
dp0 = 0
dp1 = 0.0
dp2 = 0
dp3 = 0
lr = 0.0007
wd = 1e-06
lambda1_dim1 = 0.0003
lambda2_dim1 = 0.05
lambda1_dim2 = 0.0008
lambda2_dim2 = 0.05
