2020-03-06 20:49:58.692990
Model name: diabnet/models/model-sp-soft-label-positives-1000-decay-065.pth'

Confusion matrix:
[[119.73333333   7.26666667]
 [ 17.33333333  35.66666667]]

T Loss: 0.4621557056903839

T Loss(reg): 0.8055211186408997

V Loss: 0.5199754214949078

l1_neurons = 256
l2_neurons = 0
l3_neurons = 0
dp0 = 0
dp1 = 0.5
dp2 = 0
dp3 = 0
lr = 0.0007
wd = 1e-06
lambda1_dim1 = 0.0003
lambda2_dim1 = 0.05
lambda1_dim2 = 0.0008
lambda2_dim2 = 0.05
