2020-03-24 16:11:24.588303
Model name: diabnet/models/model-sp-soft-label-positives-1000-dropout005-decay-044.pth'

Confusion matrix:
[[123.96666667  16.03333333]
 [  7.9         32.1       ]]

T Loss: 0.4476143836975098

T Loss(reg): 0.8064969658851624

V Loss: 0.5352708945671717

l1_neurons = 128
l2_neurons = 0
l3_neurons = 0
dp0 = 0
dp1 = 0.05
dp2 = 0
dp3 = 0
lr = 0.0007
wd = 1e-06
lambda1_dim1 = 0.0003
lambda2_dim1 = 0.05
lambda1_dim2 = 0.0008
lambda2_dim2 = 0.05
