2020-04-09 20:14:54.912575
Model name: diabnet/models/model-sp-soft-label-negatives-1000-nodropout-bn-decay-021.pth

Confusion matrix:
[[93. 44.]
 [29. 14.]]

T Loss: 0.36345972418785094

T Loss(reg): 0.7178312182426453

V Loss: 0.946354866027832

l1_neurons = 128
l2_neurons = 0
l3_neurons = 0
dp0 = 0
dp1 = 0.0
dp2 = 0
dp3 = 0
lr = 0.0007
wd = 1e-06
lambda1_dim1 = 0.0003
lambda2_dim1 = 0.05
lambda1_dim2 = 0.0008
lambda2_dim2 = 0.05
