2020-04-13 19:49:25.586343
Model name: diabnet/models/model-sp-soft-label-random-1000-dropout0-05-bn-decay-051.pth

Confusion matrix:
[[98. 40.]
 [28. 14.]]

T Loss: 0.42155874371528623

T Loss(reg): 0.7116155028343201

V Loss: 0.8492325941721598

l1_neurons = 128
l2_neurons = 0
l3_neurons = 0
dp0 = 0.5
dp1 = 0.0
dp2 = 0
dp3 = 0
lr = 0.0007
wd = 1e-06
lambda1_dim1 = 0.0003
lambda2_dim1 = 0.05
lambda1_dim2 = 0.0008
lambda2_dim2 = 0.05
