2020-04-09 15:02:08.889402
Model name: diabnet/models/model-sp-soft-label-positives-1000-nodropout-bn-decay-055.pth

Confusion matrix:
[[129.   9.]
 [ 11.  31.]]

T Loss: 0.440833193063736

T Loss(reg): 0.8579907774925232

V Loss: 0.5309313734372457

l1_neurons = 128
l2_neurons = 0
l3_neurons = 0
dp0 = 0
dp1 = 0.0
dp2 = 0
dp3 = 0
lr = 0.0007
wd = 1e-06
lambda1_dim1 = 0.0003
lambda2_dim1 = 0.05
lambda1_dim2 = 0.0008
lambda2_dim2 = 0.05
