2020-03-06 22:01:18.840639
Model name: diabnet/models/model-sp-soft-label-positives-1000-decay-086.pth'

Confusion matrix:
[[123.33333333  14.66666667]
 [ 12.1         29.9       ]]

T Loss: 0.46140519380569456

T Loss(reg): 0.7771721482276917

V Loss: 0.5522780656814575

l1_neurons = 256
l2_neurons = 0
l3_neurons = 0
dp0 = 0
dp1 = 0.5
dp2 = 0
dp3 = 0
lr = 0.0007
wd = 1e-06
lambda1_dim1 = 0.0003
lambda2_dim1 = 0.05
lambda1_dim2 = 0.0008
lambda2_dim2 = 0.05
