2020-04-29 13:45:42.508981
Model name: diabnet/models/model-32-sp-soft-label-randomized_positives-1000-dropout0-05-bn-decay-flood-052.pth

Confusion matrix:
[[106.  29.]
 [ 31.  14.]]

T Loss: 0.5153428912162781

T Loss(reg): 0.866251814365387

V Loss: 0.7122231125831604

l1_neurons = 32
l2_neurons = 0
l3_neurons = 0
dp0 = 0.5
dp1 = 0.0
dp2 = 0
dp3 = 0
lr = 0.0007
wd = 1e-06
lambda1_dim1 = 0.0003
lambda2_dim1 = 0.05
lambda1_dim2 = 0.0008
lambda2_dim2 = 0.05
