2020-03-06 22:31:56.427495
Model name: diabnet/models/model-sp-soft-label-positives-1000-decay-095.pth'

Confusion matrix:
[[127.03333333  14.96666667]
 [ 11.4         26.6       ]]

T Loss: 0.4546100080013275

T Loss(reg): 0.7761461496353149

V Loss: 0.5672718356053035

l1_neurons = 256
l2_neurons = 0
l3_neurons = 0
dp0 = 0
dp1 = 0.5
dp2 = 0
dp3 = 0
lr = 0.0007
wd = 1e-06
lambda1_dim1 = 0.0003
lambda2_dim1 = 0.05
lambda1_dim2 = 0.0008
lambda2_dim2 = 0.05
