2020-03-16 17:15:25.531462
Model name: diabnet/models/model-sp-soft-label-positives-1000-nodropout-decay-036.pth'

Confusion matrix:
[[126.  19.]
 [  8.  27.]]

T Loss: 0.44399866461753845

T Loss(reg): 0.8461161375045776

V Loss: 0.542174369096756

l1_neurons = 128
l2_neurons = 0
l3_neurons = 0
dp0 = 0
dp1 = 0.0
dp2 = 0
dp3 = 0
lr = 0.0007
wd = 1e-06
lambda1_dim1 = 0.0003
lambda2_dim1 = 0.05
lambda1_dim2 = 0.0008
lambda2_dim2 = 0.05
