2020-04-03 14:50:52.771760
Model name: diabnet/models/model-sp-soft-label-random-1000-dropout005-decay-001.pth

Confusion matrix:
[[101.16666667  30.83333333]
 [ 35.33333333  12.66666667]]

T Loss: 0.452179753780365

T Loss(reg): 0.7713088750839233

V Loss: 0.8641946110460493

l1_neurons = 128
l2_neurons = 0
l3_neurons = 0
dp0 = 0
dp1 = 0.05
dp2 = 0
dp3 = 0
lr = 0.0007
wd = 1e-06
lambda1_dim1 = 0.0003
lambda2_dim1 = 0.05
lambda1_dim2 = 0.0008
lambda2_dim2 = 0.05
