2020-03-24 18:48:53.546958
Model name: diabnet/models/model-sp-soft-label-positives-1000-dropout005-decay-091.pth'

Confusion matrix:
[[122.          21.        ]
 [  4.56666667  32.43333333]]

T Loss: 0.4511203646659851

T Loss(reg): 0.8230191230773926

V Loss: 0.5228503300084009

l1_neurons = 128
l2_neurons = 0
l3_neurons = 0
dp0 = 0
dp1 = 0.05
dp2 = 0
dp3 = 0
lr = 0.0007
wd = 1e-06
lambda1_dim1 = 0.0003
lambda2_dim1 = 0.05
lambda1_dim2 = 0.0008
lambda2_dim2 = 0.05
