2020-04-29 11:18:23.905244
Model name: diabnet/models/model-32-sp-soft-label-randomized_positives-1000-dropout0-05-bn-decay-flood-010.pth

Confusion matrix:
[[105.  26.]
 [ 39.  10.]]

T Loss: 0.518827247619629

T Loss(reg): 0.8649559617042542

V Loss: 0.7882442871729533

l1_neurons = 32
l2_neurons = 0
l3_neurons = 0
dp0 = 0.5
dp1 = 0.0
dp2 = 0
dp3 = 0
lr = 0.0007
wd = 1e-06
lambda1_dim1 = 0.0003
lambda2_dim1 = 0.05
lambda1_dim2 = 0.0008
lambda2_dim2 = 0.05
