2020-04-28 21:33:52.525590
Model name: diabnet/models/model-32-sp-soft-label-random-1000-dropout0-05-bn-decay-flood-097.pth

Confusion matrix:
[[119.  23.]
 [ 30.   8.]]

T Loss: 0.5297967672348023

T Loss(reg): 0.8094128131866455

V Loss: 0.7244515419006348

l1_neurons = 32
l2_neurons = 0
l3_neurons = 0
dp0 = 0.5
dp1 = 0.0
dp2 = 0
dp3 = 0
lr = 0.0007
wd = 1e-06
lambda1_dim1 = 0.0003
lambda2_dim1 = 0.05
lambda1_dim2 = 0.0008
lambda2_dim2 = 0.05
