2020-03-05 09:46:12.166140
Model name: diabnet/models/model-sp-soft-label-positives-1000-decay.pth

Confusion matrix:
[[119.33333333  15.66666667]
 [ 10.3         34.7       ]]

T Loss: 0.44426522254943845

T Loss(reg): 0.7761603474617005

V Loss: 0.5188038703468111

l1_neurons = 256
l2_neurons = 0
l3_neurons = 0
dp0 = 0
dp1 = 0.5
dp2 = 0
dp3 = 0
lr = 0.0007
wd = 1e-06
lambda1_dim1 = 0.0003
lambda2_dim1 = 0.05
lambda1_dim2 = 0.0008
lambda2_dim2 = 0.05
