2020-04-15 17:11:36.819069
Model name: diabnet/models/model-32-sp-soft-label-positives-1000-dropout0-05-bn-decay-027.pth

Confusion matrix:
[[117.  20.]
 [ 13.  30.]]

T Loss: 0.44980449676513673

T Loss(reg): 0.8034924030303955

V Loss: 0.5568093856175741

l1_neurons = 32
l2_neurons = 0
l3_neurons = 0
dp0 = 0.5
dp1 = 0.0
dp2 = 0
dp3 = 0
lr = 0.0007
wd = 1e-06
lambda1_dim1 = 0.0003
lambda2_dim1 = 0.05
lambda1_dim2 = 0.0008
lambda2_dim2 = 0.05
