2020-03-31 19:11:22.709402
Model name: diabnet/models/model-sp-soft-label-negatives-1000-dropout005-decay-080.pth'

Confusion matrix:
[[114.76666667  23.23333333]
 [ 33.83333333   8.16666667]]

T Loss: 0.4681191623210907

T Loss(reg): 0.7692818284034729

V Loss: 0.7669677681393093

l1_neurons = 128
l2_neurons = 0
l3_neurons = 0
dp0 = 0
dp1 = 0.05
dp2 = 0
dp3 = 0
lr = 0.0007
wd = 1e-06
lambda1_dim1 = 0.0003
lambda2_dim1 = 0.05
lambda1_dim2 = 0.0008
lambda2_dim2 = 0.05
