2020-03-06 17:33:57.912581
Model name: diabnet/models/model-sp-soft-label-positives-1000-decay-008.pth'

Confusion matrix:
[[119.46666667  16.53333333]
 [ 11.73333333  32.26666667]]

T Loss: 0.45929158926010133

T Loss(reg): 0.7932591438293457

V Loss: 0.5531601164076063

l1_neurons = 256
l2_neurons = 0
l3_neurons = 0
dp0 = 0
dp1 = 0.5
dp2 = 0
dp3 = 0
lr = 0.0007
wd = 1e-06
lambda1_dim1 = 0.0003
lambda2_dim1 = 0.05
lambda1_dim2 = 0.0008
lambda2_dim2 = 0.05
