2020-03-31 20:40:00.878407
Model name: diabnet/models/model-sp-soft-label-negatives-1000-dropout005-decay-095.pth'

Confusion matrix:
[[111.93333333  23.06666667]
 [ 37.7          7.3       ]]

T Loss: 0.4609279096126556

T Loss(reg): 0.7757917642593384

V Loss: 0.8352770421240064

l1_neurons = 128
l2_neurons = 0
l3_neurons = 0
dp0 = 0
dp1 = 0.05
dp2 = 0
dp3 = 0
lr = 0.0007
wd = 1e-06
lambda1_dim1 = 0.0003
lambda2_dim1 = 0.05
lambda1_dim2 = 0.0008
lambda2_dim2 = 0.05
