2020-04-13 14:17:38.855831
Model name: diabnet/models/model-sp-soft-label-positives-1000-dropout0-05-bn-decay-062.pth

Confusion matrix:
[[132.  12.]
 [  9.  27.]]

T Loss: 0.4444977045059204

T Loss(reg): 0.8407584428787231

V Loss: 0.520114024480184

l1_neurons = 128
l2_neurons = 0
l3_neurons = 0
dp0 = 0.5
dp1 = 0.0
dp2 = 0
dp3 = 0
lr = 0.0007
wd = 1e-06
lambda1_dim1 = 0.0003
lambda2_dim1 = 0.05
lambda1_dim2 = 0.0008
lambda2_dim2 = 0.05
