2020-03-24 14:25:05.427489
Model name: diabnet/models/model-sp-soft-label-positives-1000-dropout005-decay-012.pth'

Confusion matrix:
[[121.53333333  19.46666667]
 [  6.2         32.8       ]]

T Loss: 0.4430963099002838

T Loss(reg): 0.8136947274208068

V Loss: 0.513429934448666

l1_neurons = 128
l2_neurons = 0
l3_neurons = 0
dp0 = 0
dp1 = 0.05
dp2 = 0
dp3 = 0
lr = 0.0007
wd = 1e-06
lambda1_dim1 = 0.0003
lambda2_dim1 = 0.05
lambda1_dim2 = 0.0008
lambda2_dim2 = 0.05
