2020-03-06 17:52:33.052482
Model name: diabnet/models/model-sp-soft-label-positives-1000-decay-013.pth'

Confusion matrix:
[[127.3         11.7       ]
 [ 12.73333333  28.26666667]]

T Loss: 0.4501152038574219

T Loss(reg): 0.8009123563766479

V Loss: 0.539406074417962

l1_neurons = 256
l2_neurons = 0
l3_neurons = 0
dp0 = 0
dp1 = 0.5
dp2 = 0
dp3 = 0
lr = 0.0007
wd = 1e-06
lambda1_dim1 = 0.0003
lambda2_dim1 = 0.05
lambda1_dim2 = 0.0008
lambda2_dim2 = 0.05
