2020-03-06 21:23:58.952781
Model name: diabnet/models/model-sp-soft-label-positives-1000-decay-075.pth'

Confusion matrix:
[[114.8         14.2       ]
 [ 16.93333333  34.06666667]]

T Loss: 0.4463276922702789

T Loss(reg): 0.7922356009483338

V Loss: 0.5692115929391649

l1_neurons = 256
l2_neurons = 0
l3_neurons = 0
dp0 = 0
dp1 = 0.5
dp2 = 0
dp3 = 0
lr = 0.0007
wd = 1e-06
lambda1_dim1 = 0.0003
lambda2_dim1 = 0.05
lambda1_dim2 = 0.0008
lambda2_dim2 = 0.05
