2020-04-28 18:46:49.596437
Model name: diabnet/models/model-32-sp-soft-label-random-1000-dropout0-05-bn-decay-flood-050.pth

Confusion matrix:
[[116.  19.]
 [ 41.   4.]]

T Loss: 0.5642014741897583

T Loss(reg): 0.848030424118042

V Loss: 0.752297023932139

l1_neurons = 32
l2_neurons = 0
l3_neurons = 0
dp0 = 0.5
dp1 = 0.0
dp2 = 0
dp3 = 0
lr = 0.0007
wd = 1e-06
lambda1_dim1 = 0.0003
lambda2_dim1 = 0.05
lambda1_dim2 = 0.0008
lambda2_dim2 = 0.05
