2020-04-13 10:46:59.714968
Model name: diabnet/models/model-sp-soft-label-positives-1000-dropout0-05-bn-decay-001.pth

Confusion matrix:
[[114.  17.]
 [  5.  44.]]

T Loss: 0.4471157968044281

T Loss(reg): 0.8309609651565552

V Loss: 0.5277645985285441

l1_neurons = 128
l2_neurons = 0
l3_neurons = 0
dp0 = 0.5
dp1 = 0.0
dp2 = 0
dp3 = 0
lr = 0.0007
wd = 1e-06
lambda1_dim1 = 0.0003
lambda2_dim1 = 0.05
lambda1_dim2 = 0.0008
lambda2_dim2 = 0.05
