2020-04-07 16:10:22.932604
Model name: diabnet/models/model-sp-soft-label-negative-1000-nodropout-decay-070.pth

Confusion matrix:
[[130.  22.]
 [ 25.   3.]]

T Loss: 0.49895469546318055

T Loss(reg): 0.7990782260894775

V Loss: 0.7085946202278137

l1_neurons = 128
l2_neurons = 0
l3_neurons = 0
dp0 = 0
dp1 = 0.0
dp2 = 0
dp3 = 0
lr = 0.0007
wd = 1e-06
lambda1_dim1 = 0.0003
lambda2_dim1 = 0.05
lambda1_dim2 = 0.0008
lambda2_dim2 = 0.05
