2020-04-06 21:01:44.353340
Model name: diabnet/models/model-sp-soft-label-random-1000-nodropout-decay-091.pth

Confusion matrix:
[[95. 38.]
 [37. 10.]]

T Loss: 0.44651834964752196

T Loss(reg): 0.7680808305740356

V Loss: 0.8824295997619629

l1_neurons = 128
l2_neurons = 0
l3_neurons = 0
dp0 = 0
dp1 = 0.0
dp2 = 0
dp3 = 0
lr = 0.0007
wd = 1e-06
lambda1_dim1 = 0.0003
lambda2_dim1 = 0.05
lambda1_dim2 = 0.0008
lambda2_dim2 = 0.05
