2020-04-09 15:19:08.500070
Model name: diabnet/models/model-sp-soft-label-positives-1000-nodropout-bn-decay-060.pth

Confusion matrix:
[[108.  22.]
 [ 12.  38.]]

T Loss: 0.43965829014778135

T Loss(reg): 0.8521170258522034

V Loss: 0.5403128465016683

l1_neurons = 128
l2_neurons = 0
l3_neurons = 0
dp0 = 0
dp1 = 0.0
dp2 = 0
dp3 = 0
lr = 0.0007
wd = 1e-06
lambda1_dim1 = 0.0003
lambda2_dim1 = 0.05
lambda1_dim2 = 0.0008
lambda2_dim2 = 0.05
