2020-04-27 22:15:01.827524
Model name: diabnet/models/model-32-sp-soft-label-positives-1000-dropout0-05-bn-decay-flood-050.pth

Confusion matrix:
[[125.  15.]
 [  4.  36.]]

T Loss: 0.4582161843776703

T Loss(reg): 0.8105212330818177

V Loss: 0.5217922131220499

l1_neurons = 32
l2_neurons = 0
l3_neurons = 0
dp0 = 0.5
dp1 = 0.0
dp2 = 0
dp3 = 0
lr = 0.0007
wd = 1e-06
lambda1_dim1 = 0.0003
lambda2_dim1 = 0.05
lambda1_dim2 = 0.0008
lambda2_dim2 = 0.05
