2020-03-24 18:08:26.240783
Model name: diabnet/models/model-sp-soft-label-positives-1000-dropout005-decay-079.pth'

Confusion matrix:
[[126.23333333  12.76666667]
 [ 17.9         23.1       ]]

T Loss: 0.45147107243537904

T Loss(reg): 0.8223496794700622

V Loss: 0.5904620952076383

l1_neurons = 128
l2_neurons = 0
l3_neurons = 0
dp0 = 0
dp1 = 0.05
dp2 = 0
dp3 = 0
lr = 0.0007
wd = 1e-06
lambda1_dim1 = 0.0003
lambda2_dim1 = 0.05
lambda1_dim2 = 0.0008
lambda2_dim2 = 0.05
