2020-03-31 16:39:29.185180
Model name: diabnet/models/model-sp-soft-label-negatives-1000-dropout005-decay-061.pth'

Confusion matrix:
[[108.76666667  38.23333333]
 [ 20.96666667  12.03333333]]

T Loss: 0.46976261734962466

T Loss(reg): 0.7663201808929443

V Loss: 0.7508796387248569

l1_neurons = 128
l2_neurons = 0
l3_neurons = 0
dp0 = 0
dp1 = 0.05
dp2 = 0
dp3 = 0
lr = 0.0007
wd = 1e-06
lambda1_dim1 = 0.0003
lambda2_dim1 = 0.05
lambda1_dim2 = 0.0008
lambda2_dim2 = 0.05
