2020-04-09 13:57:22.169051
Model name: diabnet/models/model-sp-soft-label-positives-1000-nodropout-bn-decay-036.pth

Confusion matrix:
[[121.  15.]
 [  7.  37.]]

T Loss: 0.4295728802680969

T Loss(reg): 0.8263371467590332

V Loss: 0.5400091807047526

l1_neurons = 128
l2_neurons = 0
l3_neurons = 0
dp0 = 0
dp1 = 0.0
dp2 = 0
dp3 = 0
lr = 0.0007
wd = 1e-06
lambda1_dim1 = 0.0003
lambda2_dim1 = 0.05
lambda1_dim2 = 0.0008
lambda2_dim2 = 0.05
