2020-03-31 14:36:04.118778
Model name: diabnet/models/model-sp-soft-label-negatives-1000-dropout005-decay-038.pth'

Confusion matrix:
[[113.6  27.4]
 [ 31.3   7.7]]

T Loss: 0.5111927032470703

T Loss(reg): 0.8124415874481201

V Loss: 0.7774364716476865

l1_neurons = 128
l2_neurons = 0
l3_neurons = 0
dp0 = 0
dp1 = 0.05
dp2 = 0
dp3 = 0
lr = 0.0007
wd = 1e-06
lambda1_dim1 = 0.0003
lambda2_dim1 = 0.05
lambda1_dim2 = 0.0008
lambda2_dim2 = 0.05
