2020-04-06 15:02:12.150607
Model name: diabnet/models/model-sp-soft-label-random-1000-nodropout-decay-033.pth

Confusion matrix:
[[123.  19.]
 [ 33.   5.]]

T Loss: 0.49559101462364197

T Loss(reg): 0.7960331439971924

V Loss: 0.7693574031194051

l1_neurons = 128
l2_neurons = 0
l3_neurons = 0
dp0 = 0
dp1 = 0.0
dp2 = 0
dp3 = 0
lr = 0.0007
wd = 1e-06
lambda1_dim1 = 0.0003
lambda2_dim1 = 0.05
lambda1_dim2 = 0.0008
lambda2_dim2 = 0.05
