2020-03-06 20:29:33.508577
Model name: diabnet/models/model-sp-soft-label-positives-1000-decay-059.pth'

Confusion matrix:
[[126.46666667  14.53333333]
 [ 10.23333333  28.76666667]]

T Loss: 0.4492419362068176

T Loss(reg): 0.8075343132019043

V Loss: 0.5522860556840896

l1_neurons = 256
l2_neurons = 0
l3_neurons = 0
dp0 = 0
dp1 = 0.5
dp2 = 0
dp3 = 0
lr = 0.0007
wd = 1e-06
lambda1_dim1 = 0.0003
lambda2_dim1 = 0.05
lambda1_dim2 = 0.0008
lambda2_dim2 = 0.05
