2020-04-03 14:47:29.432402
Model name: diabnet/models/model-sp-soft-label-random-1000-dropout005-decay-000.pth

Confusion matrix:
[[110.63333333  35.36666667]
 [ 28.86666667   5.13333333]]

T Loss: 0.4838496923446655

T Loss(reg): 0.7936492323875427

V Loss: 0.7776062382592095

l1_neurons = 128
l2_neurons = 0
l3_neurons = 0
dp0 = 0
dp1 = 0.05
dp2 = 0
dp3 = 0
lr = 0.0007
wd = 1e-06
lambda1_dim1 = 0.0003
lambda2_dim1 = 0.05
lambda1_dim2 = 0.0008
lambda2_dim2 = 0.05
