2020-03-06 17:44:57.824255
Model name: diabnet/models/model-sp-soft-label-positives-1000-decay-011.pth'

Confusion matrix:
[[125.1         15.9       ]
 [ 10.43333333  28.56666667]]

T Loss: 0.446605384349823

T Loss(reg): 0.7847850680351257

V Loss: 0.5677165945370992

l1_neurons = 256
l2_neurons = 0
l3_neurons = 0
dp0 = 0
dp1 = 0.5
dp2 = 0
dp3 = 0
lr = 0.0007
wd = 1e-06
lambda1_dim1 = 0.0003
lambda2_dim1 = 0.05
lambda1_dim2 = 0.0008
lambda2_dim2 = 0.05
