2020-04-09 19:53:56.740394
Model name: diabnet/models/model-sp-soft-label-negatives-1000-nodropout-bn-decay-015.pth

Confusion matrix:
[[92. 33.]
 [36. 19.]]

T Loss: 0.34006381034851074

T Loss(reg): 0.6742047071456909

V Loss: 1.048115114370982

l1_neurons = 128
l2_neurons = 0
l3_neurons = 0
dp0 = 0
dp1 = 0.0
dp2 = 0
dp3 = 0
lr = 0.0007
wd = 1e-06
lambda1_dim1 = 0.0003
lambda2_dim1 = 0.05
lambda1_dim2 = 0.0008
lambda2_dim2 = 0.05
