2020-03-24 18:05:02.852907
Model name: diabnet/models/model-sp-soft-label-positives-1000-dropout005-decay-078.pth'

Confusion matrix:
[[127.7         14.3       ]
 [  9.76666667  28.23333333]]

T Loss: 0.4563732028007507

T Loss(reg): 0.8317079305648803

V Loss: 0.540895770655738

l1_neurons = 128
l2_neurons = 0
l3_neurons = 0
dp0 = 0
dp1 = 0.05
dp2 = 0
dp3 = 0
lr = 0.0007
wd = 1e-06
lambda1_dim1 = 0.0003
lambda2_dim1 = 0.05
lambda1_dim2 = 0.0008
lambda2_dim2 = 0.05
