2020-03-31 16:30:36.640305
Model name: diabnet/models/model-sp-soft-label-negatives-1000-dropout005-decay-060.pth'

Confusion matrix:
[[105.43333333  32.56666667]
 [ 28.26666667  13.73333333]]

T Loss: 0.4385460436344147

T Loss(reg): 0.7428983211517334

V Loss: 0.7964445061153835

l1_neurons = 128
l2_neurons = 0
l3_neurons = 0
dp0 = 0
dp1 = 0.05
dp2 = 0
dp3 = 0
lr = 0.0007
wd = 1e-06
lambda1_dim1 = 0.0003
lambda2_dim1 = 0.05
lambda1_dim2 = 0.0008
lambda2_dim2 = 0.05
