2020-03-06 22:11:30.978639
Model name: diabnet/models/model-sp-soft-label-positives-1000-decay-089.pth'

Confusion matrix:
[[120.96666667  16.03333333]
 [ 10.06666667  32.93333333]]

T Loss: 0.45047115683555605

T Loss(reg): 0.7948674559593201

V Loss: 0.5341778400871489

l1_neurons = 256
l2_neurons = 0
l3_neurons = 0
dp0 = 0
dp1 = 0.5
dp2 = 0
dp3 = 0
lr = 0.0007
wd = 1e-06
lambda1_dim1 = 0.0003
lambda2_dim1 = 0.05
lambda1_dim2 = 0.0008
lambda2_dim2 = 0.05
