2020-04-10 00:29:14.882696
Model name: diabnet/models/model-sp-soft-label-negatives-1000-nodropout-bn-decay-094.pth

Confusion matrix:
[[101.  40.]
 [ 28.  11.]]

T Loss: 0.35665422677993774

T Loss(reg): 0.7069851636886597

V Loss: 1.0054400364557903

l1_neurons = 128
l2_neurons = 0
l3_neurons = 0
dp0 = 0
dp1 = 0.0
dp2 = 0
dp3 = 0
lr = 0.0007
wd = 1e-06
lambda1_dim1 = 0.0003
lambda2_dim1 = 0.05
lambda1_dim2 = 0.0008
lambda2_dim2 = 0.05
