2020-04-28 16:25:20.760310
Model name: diabnet/models/model-32-sp-soft-label-random-1000-dropout0-05-bn-decay-flood-010.pth

Confusion matrix:
[[101.  33.]
 [ 36.  10.]]

T Loss: 0.5708675503730773

T Loss(reg): 0.8556833982467651

V Loss: 0.7828436096509298

l1_neurons = 32
l2_neurons = 0
l3_neurons = 0
dp0 = 0.5
dp1 = 0.0
dp2 = 0
dp3 = 0
lr = 0.0007
wd = 1e-06
lambda1_dim1 = 0.0003
lambda2_dim1 = 0.05
lambda1_dim2 = 0.0008
lambda2_dim2 = 0.05
