2020-04-03 15:58:07.132526
Model name: diabnet/models/model-sp-soft-label-random-1000-dropout005-decay-021.pth

Confusion matrix:
[[109.36666667  22.63333333]
 [ 36.13333333  11.86666667]]

T Loss: 0.4730335891246796

T Loss(reg): 0.784679114818573

V Loss: 0.8061213592688242

l1_neurons = 128
l2_neurons = 0
l3_neurons = 0
dp0 = 0
dp1 = 0.05
dp2 = 0
dp3 = 0
lr = 0.0007
wd = 1e-06
lambda1_dim1 = 0.0003
lambda2_dim1 = 0.05
lambda1_dim2 = 0.0008
lambda2_dim2 = 0.05
