2020-04-28 12:27:45.303612
Model name: diabnet/models/model-32-sp-soft-label-negatives-1000-dropout0-05-bn-decay-flood-053.pth

Confusion matrix:
[[118.  18.]
 [ 33.  11.]]

T Loss: 0.5602769970893859

T Loss(reg): 0.838043487071991

V Loss: 0.7086378534634908

l1_neurons = 32
l2_neurons = 0
l3_neurons = 0
dp0 = 0.5
dp1 = 0.0
dp2 = 0
dp3 = 0
lr = 0.0007
wd = 1e-06
lambda1_dim1 = 0.0003
lambda2_dim1 = 0.05
lambda1_dim2 = 0.0008
lambda2_dim2 = 0.05
