2020-04-13 18:13:08.937938
Model name: diabnet/models/model-sp-soft-label-random-1000-dropout0-05-bn-decay-024.pth

Confusion matrix:
[[114.  31.]
 [ 28.   7.]]

T Loss: 0.4251134157180786

T Loss(reg): 0.7416512966156006

V Loss: 0.8655608693758646

l1_neurons = 128
l2_neurons = 0
l3_neurons = 0
dp0 = 0.5
dp1 = 0.0
dp2 = 0
dp3 = 0
lr = 0.0007
wd = 1e-06
lambda1_dim1 = 0.0003
lambda2_dim1 = 0.05
lambda1_dim2 = 0.0008
lambda2_dim2 = 0.05
