2020-04-13 19:52:58.454352
Model name: diabnet/models/model-sp-soft-label-random-1000-dropout0-05-bn-decay-052.pth

Confusion matrix:
[[107.  31.]
 [ 27.  15.]]

T Loss: 0.4195194482803345

T Loss(reg): 0.7231659412384033

V Loss: 0.763811727364858

l1_neurons = 128
l2_neurons = 0
l3_neurons = 0
dp0 = 0.5
dp1 = 0.0
dp2 = 0
dp3 = 0
lr = 0.0007
wd = 1e-06
lambda1_dim1 = 0.0003
lambda2_dim1 = 0.05
lambda1_dim2 = 0.0008
lambda2_dim2 = 0.05
