2020-04-10 00:18:45.941074
Model name: diabnet/models/model-sp-soft-label-negatives-1000-nodropout-bn-decay-091.pth

Confusion matrix:
[[98. 39.]
 [28. 15.]]

T Loss: 0.3612151384353638

T Loss(reg): 0.7358144044876098

V Loss: 1.0189614494641621

l1_neurons = 128
l2_neurons = 0
l3_neurons = 0
dp0 = 0
dp1 = 0.0
dp2 = 0
dp3 = 0
lr = 0.0007
wd = 1e-06
lambda1_dim1 = 0.0003
lambda2_dim1 = 0.05
lambda1_dim2 = 0.0008
lambda2_dim2 = 0.05
