2020-04-14 11:20:52.217198
Model name: diabnet/models/model-sp-soft-label-negatives-1000-dropout0-05-bn-decay-013.pth

Confusion matrix:
[[96. 38.]
 [32. 14.]]

T Loss: 0.4006878674030304

T Loss(reg): 0.7309229373931885

V Loss: 0.86688099304835

l1_neurons = 128
l2_neurons = 0
l3_neurons = 0
dp0 = 0.5
dp1 = 0.0
dp2 = 0
dp3 = 0
lr = 0.0007
wd = 1e-06
lambda1_dim1 = 0.0003
lambda2_dim1 = 0.05
lambda1_dim2 = 0.0008
lambda2_dim2 = 0.05
