2020-04-28 10:40:49.617638
Model name: diabnet/models/model-32-sp-soft-label-negatives-1000-dropout0-05-bn-decay-flood-025.pth

Confusion matrix:
[[108.  33.]
 [ 33.   6.]]

T Loss: 0.5367010712623597

T Loss(reg): 0.8228402614593506

V Loss: 0.7762568791707357

l1_neurons = 32
l2_neurons = 0
l3_neurons = 0
dp0 = 0.5
dp1 = 0.0
dp2 = 0
dp3 = 0
lr = 0.0007
wd = 1e-06
lambda1_dim1 = 0.0003
lambda2_dim1 = 0.05
lambda1_dim2 = 0.0008
lambda2_dim2 = 0.05
