2020-04-03 16:48:41.450057
Model name: diabnet/models/model-sp-soft-label-random-1000-dropout005-decay-036.pth

Confusion matrix:
[[112.13333333  27.86666667]
 [ 30.53333333   9.46666667]]

T Loss: 0.49934027791023256

T Loss(reg): 0.787254250049591

V Loss: 0.7400078025129107

l1_neurons = 128
l2_neurons = 0
l3_neurons = 0
dp0 = 0
dp1 = 0.05
dp2 = 0
dp3 = 0
lr = 0.0007
wd = 1e-06
lambda1_dim1 = 0.0003
lambda2_dim1 = 0.05
lambda1_dim2 = 0.0008
lambda2_dim2 = 0.05
