2020-04-28 09:31:18.149087
Model name: diabnet/models/model-32-sp-soft-label-negatives-1000-dropout0-05-bn-decay-flood-006.pth

Confusion matrix:
[[120.  14.]
 [ 34.  12.]]

T Loss: 0.5678703665733338

T Loss(reg): 0.8509727597236634

V Loss: 0.7076174020767212

l1_neurons = 32
l2_neurons = 0
l3_neurons = 0
dp0 = 0.5
dp1 = 0.0
dp2 = 0
dp3 = 0
lr = 0.0007
wd = 1e-06
lambda1_dim1 = 0.0003
lambda2_dim1 = 0.05
lambda1_dim2 = 0.0008
lambda2_dim2 = 0.05
