2020-04-03 17:46:25.614430
Model name: diabnet/models/model-sp-soft-label-random-1000-dropout005-decay-053.pth

Confusion matrix:
[[110.6         23.4       ]
 [ 39.66666667   6.33333333]]

T Loss: 0.46866867542266843

T Loss(reg): 0.7658361077308655

V Loss: 0.8231913102997674

l1_neurons = 128
l2_neurons = 0
l3_neurons = 0
dp0 = 0
dp1 = 0.05
dp2 = 0
dp3 = 0
lr = 0.0007
wd = 1e-06
lambda1_dim1 = 0.0003
lambda2_dim1 = 0.05
lambda1_dim2 = 0.0008
lambda2_dim2 = 0.05
