2020-04-09 23:05:33.325643
Model name: diabnet/models/model-sp-soft-label-negatives-1000-nodropout-bn-decay-070.pth

Confusion matrix:
[[93. 54.]
 [27.  6.]]

T Loss: 0.37115333080291746

T Loss(reg): 0.7028105020523071

V Loss: 0.9411379893620809

l1_neurons = 128
l2_neurons = 0
l3_neurons = 0
dp0 = 0
dp1 = 0.0
dp2 = 0
dp3 = 0
lr = 0.0007
wd = 1e-06
lambda1_dim1 = 0.0003
lambda2_dim1 = 0.05
lambda1_dim2 = 0.0008
lambda2_dim2 = 0.05
