2020-03-16 20:25:29.214397
Model name: diabnet/models/model-sp-soft-label-positives-1000-nodropout-decay-092.pth'

Confusion matrix:
[[119.  26.]
 [  8.  27.]]

T Loss: 0.4452895522117615

T Loss(reg): 0.8341264486312866

V Loss: 0.5680969754854838

l1_neurons = 128
l2_neurons = 0
l3_neurons = 0
dp0 = 0
dp1 = 0.0
dp2 = 0
dp3 = 0
lr = 0.0007
wd = 1e-06
lambda1_dim1 = 0.0003
lambda2_dim1 = 0.05
lambda1_dim2 = 0.0008
lambda2_dim2 = 0.05
