2020-03-06 18:06:34.663268
Model name: diabnet/models/model-sp-soft-label-positives-1000-decay-017.pth'

Confusion matrix:
[[125.86666667  17.13333333]
 [  8.76666667  28.23333333]]

T Loss: 0.4591481566429138

T Loss(reg): 0.7932964086532592

V Loss: 0.5028245472245746

l1_neurons = 256
l2_neurons = 0
l3_neurons = 0
dp0 = 0
dp1 = 0.5
dp2 = 0
dp3 = 0
lr = 0.0007
wd = 1e-06
lambda1_dim1 = 0.0003
lambda2_dim1 = 0.05
lambda1_dim2 = 0.0008
lambda2_dim2 = 0.05
