2020-04-14 13:54:38.431971
Model name: diabnet/models/model-sp-soft-label-negatives-1000-dropout0-05-bn-decay-057.pth

Confusion matrix:
[[107.  39.]
 [ 30.   4.]]

T Loss: 0.47284760475158694

T Loss(reg): 0.7792086839675904

V Loss: 0.8529266913731893

l1_neurons = 128
l2_neurons = 0
l3_neurons = 0
dp0 = 0.5
dp1 = 0.0
dp2 = 0
dp3 = 0
lr = 0.0007
wd = 1e-06
lambda1_dim1 = 0.0003
lambda2_dim1 = 0.05
lambda1_dim2 = 0.0008
lambda2_dim2 = 0.05
