2020-03-24 15:24:52.965112
Model name: diabnet/models/model-sp-soft-label-positives-1000-dropout005-decay-030.pth'

Confusion matrix:
[[115.16666667  19.83333333]
 [ 13.96666667  31.03333333]]

T Loss: 0.4545336484909058

T Loss(reg): 0.8315755248069763

V Loss: 0.5724222156736586

l1_neurons = 128
l2_neurons = 0
l3_neurons = 0
dp0 = 0
dp1 = 0.05
dp2 = 0
dp3 = 0
lr = 0.0007
wd = 1e-06
lambda1_dim1 = 0.0003
lambda2_dim1 = 0.05
lambda1_dim2 = 0.0008
lambda2_dim2 = 0.05
