2020-03-24 14:45:00.959217
Model name: diabnet/models/model-sp-soft-label-positives-1000-dropout005-decay-018.pth'

Confusion matrix:
[[124.03333333  14.96666667]
 [  8.1         32.9       ]]

T Loss: 0.4477036952972412

T Loss(reg): 0.8157689332962036

V Loss: 0.5162429538038041

l1_neurons = 128
l2_neurons = 0
l3_neurons = 0
dp0 = 0
dp1 = 0.05
dp2 = 0
dp3 = 0
lr = 0.0007
wd = 1e-06
lambda1_dim1 = 0.0003
lambda2_dim1 = 0.05
lambda1_dim2 = 0.0008
lambda2_dim2 = 0.05
