2020-04-28 16:28:51.166875
Model name: diabnet/models/model-32-sp-soft-label-random-1000-dropout0-05-bn-decay-flood-011.pth

Confusion matrix:
[[100.  32.]
 [ 44.   4.]]

T Loss: 0.5831277251243592

T Loss(reg): 0.8597655177116394

V Loss: 0.7749492724736532

l1_neurons = 32
l2_neurons = 0
l3_neurons = 0
dp0 = 0.5
dp1 = 0.0
dp2 = 0
dp3 = 0
lr = 0.0007
wd = 1e-06
lambda1_dim1 = 0.0003
lambda2_dim1 = 0.05
lambda1_dim2 = 0.0008
lambda2_dim2 = 0.05
