2020-04-03 16:28:25.889680
Model name: diabnet/models/model-sp-soft-label-random-1000-dropout005-decay-030.pth

Confusion matrix:
[[109.9  26.1]
 [ 33.7  10.3]]

T Loss: 0.5044860541820526

T Loss(reg): 0.7794833660125733

V Loss: 0.7717833783891466

l1_neurons = 128
l2_neurons = 0
l3_neurons = 0
dp0 = 0
dp1 = 0.05
dp2 = 0
dp3 = 0
lr = 0.0007
wd = 1e-06
lambda1_dim1 = 0.0003
lambda2_dim1 = 0.05
lambda1_dim2 = 0.0008
lambda2_dim2 = 0.05
