2020-04-03 17:02:08.006276
Model name: diabnet/models/model-sp-soft-label-random-1000-dropout005-decay-040.pth

Confusion matrix:
[[114.2         29.8       ]
 [ 29.66666667   6.33333333]]

T Loss: 0.4959520995616913

T Loss(reg): 0.8125024557113647

V Loss: 0.777109311024348

l1_neurons = 128
l2_neurons = 0
l3_neurons = 0
dp0 = 0
dp1 = 0.05
dp2 = 0
dp3 = 0
lr = 0.0007
wd = 1e-06
lambda1_dim1 = 0.0003
lambda2_dim1 = 0.05
lambda1_dim2 = 0.0008
lambda2_dim2 = 0.05
