2020-04-09 15:53:10.735368
Model name: diabnet/models/model-sp-soft-label-positives-1000-nodropout-bn-decay-070.pth

Confusion matrix:
[[116.  27.]
 [  9.  28.]]

T Loss: 0.43351022601127626

T Loss(reg): 0.8551190376281739

V Loss: 0.5609372854232788

l1_neurons = 128
l2_neurons = 0
l3_neurons = 0
dp0 = 0
dp1 = 0.0
dp2 = 0
dp3 = 0
lr = 0.0007
wd = 1e-06
lambda1_dim1 = 0.0003
lambda2_dim1 = 0.05
lambda1_dim2 = 0.0008
lambda2_dim2 = 0.05
