2020-04-03 18:27:29.505493
Model name: diabnet/models/model-sp-soft-label-random-1000-dropout005-decay-065.pth

Confusion matrix:
[[104.5         37.5       ]
 [ 32.06666667   5.93333333]]

T Loss: 0.5041649997234344

T Loss(reg): 0.7915712118148803

V Loss: 0.8259616964393192

l1_neurons = 128
l2_neurons = 0
l3_neurons = 0
dp0 = 0
dp1 = 0.05
dp2 = 0
dp3 = 0
lr = 0.0007
wd = 1e-06
lambda1_dim1 = 0.0003
lambda2_dim1 = 0.05
lambda1_dim2 = 0.0008
lambda2_dim2 = 0.05
