2020-03-31 17:06:09.263005
Model name: diabnet/models/model-sp-soft-label-negatives-1000-dropout005-decay-064.pth'

Confusion matrix:
[[106.03333333  19.96666667]
 [ 46.23333333   7.76666667]]

T Loss: 0.5132030606269836

T Loss(reg): 0.7930827736854553

V Loss: 0.8026366412639618

l1_neurons = 128
l2_neurons = 0
l3_neurons = 0
dp0 = 0
dp1 = 0.05
dp2 = 0
dp3 = 0
lr = 0.0007
wd = 1e-06
lambda1_dim1 = 0.0003
lambda2_dim1 = 0.05
lambda1_dim2 = 0.0008
lambda2_dim2 = 0.05
