2020-04-09 23:02:05.333117
Model name: diabnet/models/model-sp-soft-label-negatives-1000-nodropout-bn-decay-069.pth

Confusion matrix:
[[95. 49.]
 [26. 10.]]

T Loss: 0.3493733823299408

T Loss(reg): 0.717520821094513

V Loss: 1.0541675090789795

l1_neurons = 128
l2_neurons = 0
l3_neurons = 0
dp0 = 0
dp1 = 0.0
dp2 = 0
dp3 = 0
lr = 0.0007
wd = 1e-06
lambda1_dim1 = 0.0003
lambda2_dim1 = 0.05
lambda1_dim2 = 0.0008
lambda2_dim2 = 0.05
