2020-04-09 21:55:59.973908
Model name: diabnet/models/model-sp-soft-label-negatives-1000-nodropout-bn-decay-050.pth

Confusion matrix:
[[86. 54.]
 [25. 15.]]

T Loss: 0.36729744672775266

T Loss(reg): 0.7168340682983398

V Loss: 1.1084389686584473

l1_neurons = 128
l2_neurons = 0
l3_neurons = 0
dp0 = 0
dp1 = 0.0
dp2 = 0
dp3 = 0
lr = 0.0007
wd = 1e-06
lambda1_dim1 = 0.0003
lambda2_dim1 = 0.05
lambda1_dim2 = 0.0008
lambda2_dim2 = 0.05
