2020-04-09 23:29:58.433432
Model name: diabnet/models/model-sp-soft-label-negatives-1000-nodropout-bn-decay-077.pth

Confusion matrix:
[[88. 48.]
 [32. 12.]]

T Loss: 0.3415550410747528

T Loss(reg): 0.692785096168518

V Loss: 0.994894782702128

l1_neurons = 128
l2_neurons = 0
l3_neurons = 0
dp0 = 0
dp1 = 0.0
dp2 = 0
dp3 = 0
lr = 0.0007
wd = 1e-06
lambda1_dim1 = 0.0003
lambda2_dim1 = 0.05
lambda1_dim2 = 0.0008
lambda2_dim2 = 0.05
