2020-04-13 20:14:21.790834
Model name: diabnet/models/model-sp-soft-label-random-1000-dropout0-05-bn-decay-058.pth

Confusion matrix:
[[99. 35.]
 [29. 17.]]

T Loss: 0.3988793909549713

T Loss(reg): 0.7185983419418335

V Loss: 0.8961187998453776

l1_neurons = 128
l2_neurons = 0
l3_neurons = 0
dp0 = 0.5
dp1 = 0.0
dp2 = 0
dp3 = 0
lr = 0.0007
wd = 1e-06
lambda1_dim1 = 0.0003
lambda2_dim1 = 0.05
lambda1_dim2 = 0.0008
lambda2_dim2 = 0.05
