2020-04-27 22:11:29.933963
Model name: diabnet/models/model-32-sp-soft-label-positives-1000-dropout0-05-bn-decay-flood-049.pth

Confusion matrix:
[[104.  25.]
 [ 14.  37.]]

T Loss: 0.47233139276504515

T Loss(reg): 0.8232053518295288

V Loss: 0.5681192676226298

l1_neurons = 32
l2_neurons = 0
l3_neurons = 0
dp0 = 0.5
dp1 = 0.0
dp2 = 0
dp3 = 0
lr = 0.0007
wd = 1e-06
lambda1_dim1 = 0.0003
lambda2_dim1 = 0.05
lambda1_dim2 = 0.0008
lambda2_dim2 = 0.05
