2020-03-06 21:27:23.272651
Model name: diabnet/models/model-sp-soft-label-positives-1000-decay-076.pth'

Confusion matrix:
[[123.13333333  17.86666667]
 [  7.86666667  31.13333333]]

T Loss: 0.4537835240364075

T Loss(reg): 0.805691409111023

V Loss: 0.5384439769718382

l1_neurons = 256
l2_neurons = 0
l3_neurons = 0
dp0 = 0
dp1 = 0.5
dp2 = 0
dp3 = 0
lr = 0.0007
wd = 1e-06
lambda1_dim1 = 0.0003
lambda2_dim1 = 0.05
lambda1_dim2 = 0.0008
lambda2_dim2 = 0.05
