2020-03-16 17:29:01.094567
Model name: diabnet/models/model-sp-soft-label-positives-1000-nodropout-decay-040.pth'

Confusion matrix:
[[113.  21.]
 [ 11.  35.]]

T Loss: 0.44767825603485106

T Loss(reg): 0.8457501649856567

V Loss: 0.5659128030141195

l1_neurons = 128
l2_neurons = 0
l3_neurons = 0
dp0 = 0
dp1 = 0.0
dp2 = 0
dp3 = 0
lr = 0.0007
wd = 1e-06
lambda1_dim1 = 0.0003
lambda2_dim1 = 0.05
lambda1_dim2 = 0.0008
lambda2_dim2 = 0.05
