2020-03-06 21:06:58.829263
Model name: diabnet/models/model-sp-soft-label-positives-1000-decay-070.pth'

Confusion matrix:
[[125.96666667  14.03333333]
 [ 14.33333333  25.66666667]]

T Loss: 0.4617571532726288

T Loss(reg): 0.8084142327308654

V Loss: 0.5177699820862876

l1_neurons = 256
l2_neurons = 0
l3_neurons = 0
dp0 = 0
dp1 = 0.5
dp2 = 0
dp3 = 0
lr = 0.0007
wd = 1e-06
lambda1_dim1 = 0.0003
lambda2_dim1 = 0.05
lambda1_dim2 = 0.0008
lambda2_dim2 = 0.05
