2020-03-06 18:44:24.851407
Model name: diabnet/models/model-sp-soft-label-positives-1000-decay-028.pth'

Confusion matrix:
[[122.33333333  12.66666667]
 [ 17.03333333  27.96666667]]

T Loss: 0.44505701065063474

T Loss(reg): 0.7794869899749756

V Loss: 0.5482088264491823

l1_neurons = 256
l2_neurons = 0
l3_neurons = 0
dp0 = 0
dp1 = 0.5
dp2 = 0
dp3 = 0
lr = 0.0007
wd = 1e-06
lambda1_dim1 = 0.0003
lambda2_dim1 = 0.05
lambda1_dim2 = 0.0008
lambda2_dim2 = 0.05
