2020-04-06 14:13:07.168182
Model name: diabnet/models/model-sp-soft-label-random-1000-nodropout-decay-026.pth

Confusion matrix:
[[116.  19.]
 [ 36.   9.]]

T Loss: 0.4701415479183197

T Loss(reg): 0.7996026635169983

V Loss: 0.7986149787902832

l1_neurons = 128
l2_neurons = 0
l3_neurons = 0
dp0 = 0
dp1 = 0.0
dp2 = 0
dp3 = 0
lr = 0.0007
wd = 1e-06
lambda1_dim1 = 0.0003
lambda2_dim1 = 0.05
lambda1_dim2 = 0.0008
lambda2_dim2 = 0.05
