2020-03-06 21:47:43.435915
Model name: diabnet/models/model-sp-soft-label-positives-1000-decay-082.pth'

Confusion matrix:
[[136.16666667   9.83333333]
 [ 11.66666667  22.33333333]]

T Loss: 0.4406737327575684

T Loss(reg): 0.7654667854309082

V Loss: 0.54997781780031

l1_neurons = 256
l2_neurons = 0
l3_neurons = 0
dp0 = 0
dp1 = 0.5
dp2 = 0
dp3 = 0
lr = 0.0007
wd = 1e-06
lambda1_dim1 = 0.0003
lambda2_dim1 = 0.05
lambda1_dim2 = 0.0008
lambda2_dim2 = 0.05
