2020-04-09 14:38:15.076487
Model name: diabnet/models/model-sp-soft-label-positives-1000-nodropout-bn-decay-048.pth

Confusion matrix:
[[130.  17.]
 [  9.  24.]]

T Loss: 0.43035566806793213

T Loss(reg): 0.849842369556427

V Loss: 0.5458881656328837

l1_neurons = 128
l2_neurons = 0
l3_neurons = 0
dp0 = 0
dp1 = 0.0
dp2 = 0
dp3 = 0
lr = 0.0007
wd = 1e-06
lambda1_dim1 = 0.0003
lambda2_dim1 = 0.05
lambda1_dim2 = 0.0008
lambda2_dim2 = 0.05
