2020-03-31 16:13:47.195557
Model name: diabnet/models/model-sp-soft-label-negatives-1000-dropout005-decay-058.pth'

Confusion matrix:
[[104.16666667  38.83333333]
 [ 23.36666667  13.63333333]]

T Loss: 0.4668821394443512

T Loss(reg): 0.7370721220970153

V Loss: 0.7826019750701056

l1_neurons = 128
l2_neurons = 0
l3_neurons = 0
dp0 = 0
dp1 = 0.05
dp2 = 0
dp3 = 0
lr = 0.0007
wd = 1e-06
lambda1_dim1 = 0.0003
lambda2_dim1 = 0.05
lambda1_dim2 = 0.0008
lambda2_dim2 = 0.05
