2020-04-07 15:48:07.377645
Model name: diabnet/models/model-sp-soft-label-negative-1000-nodropout-decay-067.pth

Confusion matrix:
[[114.  34.]
 [ 27.   5.]]

T Loss: 0.4949235260486603

T Loss(reg): 0.788516891002655

V Loss: 0.7584441900253296

l1_neurons = 128
l2_neurons = 0
l3_neurons = 0
dp0 = 0
dp1 = 0.0
dp2 = 0
dp3 = 0
lr = 0.0007
wd = 1e-06
lambda1_dim1 = 0.0003
lambda2_dim1 = 0.05
lambda1_dim2 = 0.0008
lambda2_dim2 = 0.05
