2020-03-24 15:21:33.059397
Model name: diabnet/models/model-sp-soft-label-positives-1000-dropout005-decay-029.pth'

Confusion matrix:
[[120.53333333  15.46666667]
 [ 12.23333333  31.76666667]]

T Loss: 0.4467610538005829

T Loss(reg): 0.8391631007194519

V Loss: 0.5347484482659234

l1_neurons = 128
l2_neurons = 0
l3_neurons = 0
dp0 = 0
dp1 = 0.05
dp2 = 0
dp3 = 0
lr = 0.0007
wd = 1e-06
lambda1_dim1 = 0.0003
lambda2_dim1 = 0.05
lambda1_dim2 = 0.0008
lambda2_dim2 = 0.05
