2020-04-28 17:11:22.989339
Model name: diabnet/models/model-32-sp-soft-label-random-1000-dropout0-05-bn-decay-flood-023.pth

Confusion matrix:
[[103.  26.]
 [ 41.  10.]]

T Loss: 0.5398201823234559

T Loss(reg): 0.8360389590263366

V Loss: 0.7920275131861368

l1_neurons = 32
l2_neurons = 0
l3_neurons = 0
dp0 = 0.5
dp1 = 0.0
dp2 = 0
dp3 = 0
lr = 0.0007
wd = 1e-06
lambda1_dim1 = 0.0003
lambda2_dim1 = 0.05
lambda1_dim2 = 0.0008
lambda2_dim2 = 0.05
