2020-03-24 15:14:53.556725
Model name: diabnet/models/model-sp-soft-label-positives-1000-dropout005-decay-027.pth'

Confusion matrix:
[[114.83333333  28.16666667]
 [  4.9         32.1       ]]

T Loss: 0.443598198890686

T Loss(reg): 0.8035523772239686

V Loss: 0.5562024984094832

l1_neurons = 128
l2_neurons = 0
l3_neurons = 0
dp0 = 0
dp1 = 0.05
dp2 = 0
dp3 = 0
lr = 0.0007
wd = 1e-06
lambda1_dim1 = 0.0003
lambda2_dim1 = 0.05
lambda1_dim2 = 0.0008
lambda2_dim2 = 0.05
