2020-03-31 13:13:35.389395
Model name: diabnet/models/model-sp-soft-label-negatives-1000-dropout005-decay-014.pth'

Confusion matrix:
[[92.93333333 45.06666667]
 [30.06666667 11.93333333]]

T Loss: 0.44631242752075195

T Loss(reg): 0.7419239640235901

V Loss: 0.8584280828634898

l1_neurons = 128
l2_neurons = 0
l3_neurons = 0
dp0 = 0
dp1 = 0.05
dp2 = 0
dp3 = 0
lr = 0.0007
wd = 1e-06
lambda1_dim1 = 0.0003
lambda2_dim1 = 0.05
lambda1_dim2 = 0.0008
lambda2_dim2 = 0.05
