2020-04-06 21:05:05.737509
Model name: diabnet/models/model-sp-soft-label-random-1000-nodropout-decay-092.pth

Confusion matrix:
[[109.  32.]
 [ 31.   8.]]

T Loss: 0.45695084929466245

T Loss(reg): 0.7849613547325134

V Loss: 0.8281148672103882

l1_neurons = 128
l2_neurons = 0
l3_neurons = 0
dp0 = 0
dp1 = 0.0
dp2 = 0
dp3 = 0
lr = 0.0007
wd = 1e-06
lambda1_dim1 = 0.0003
lambda2_dim1 = 0.05
lambda1_dim2 = 0.0008
lambda2_dim2 = 0.05
