2020-03-06 19:48:51.927446
Model name: diabnet/models/model-sp-soft-label-positives-1000-decay-047.pth'

Confusion matrix:
[[123.4         20.6       ]
 [  8.16666667  27.83333333]]

T Loss: 0.45632105469703677

T Loss(reg): 0.7799278974533081

V Loss: 0.5516906026336882

l1_neurons = 256
l2_neurons = 0
l3_neurons = 0
dp0 = 0
dp1 = 0.5
dp2 = 0
dp3 = 0
lr = 0.0007
wd = 1e-06
lambda1_dim1 = 0.0003
lambda2_dim1 = 0.05
lambda1_dim2 = 0.0008
lambda2_dim2 = 0.05
