2020-04-03 19:22:17.515909
Model name: diabnet/models/model-sp-soft-label-random-1000-dropout005-decay-081.pth

Confusion matrix:
[[104.06666667  33.93333333]
 [ 29.4         12.6       ]]

T Loss: 0.4766511619091034

T Loss(reg): 0.788120698928833

V Loss: 0.7838644981384277

l1_neurons = 128
l2_neurons = 0
l3_neurons = 0
dp0 = 0
dp1 = 0.05
dp2 = 0
dp3 = 0
lr = 0.0007
wd = 1e-06
lambda1_dim1 = 0.0003
lambda2_dim1 = 0.05
lambda1_dim2 = 0.0008
lambda2_dim2 = 0.05
