2020-04-09 14:55:18.860821
Model name: diabnet/models/model-sp-soft-label-positives-1000-nodropout-bn-decay-053.pth

Confusion matrix:
[[121.  16.]
 [ 11.  32.]]

T Loss: 0.42980201840400695

T Loss(reg): 0.837923812866211

V Loss: 0.5814678271611532

l1_neurons = 128
l2_neurons = 0
l3_neurons = 0
dp0 = 0
dp1 = 0.0
dp2 = 0
dp3 = 0
lr = 0.0007
wd = 1e-06
lambda1_dim1 = 0.0003
lambda2_dim1 = 0.05
lambda1_dim2 = 0.0008
lambda2_dim2 = 0.05
