2020-04-30 11:48:10.672506
Model name: diabnet/models/model-32-sp-soft-label-randomized_1_positives-1000-dropout0-05-bn-decay-flood-006.pth

Confusion matrix:
[[93. 40.]
 [31. 16.]]

T Loss: 0.52606680393219

T Loss(reg): 0.8761212229728699

V Loss: 0.7407977978388468

l1_neurons = 32
l2_neurons = 0
l3_neurons = 0
dp0 = 0.5
dp1 = 0.0
dp2 = 0
dp3 = 0
lr = 0.0007
wd = 1e-06
lambda1_dim1 = 0.0003
lambda2_dim1 = 0.05
lambda1_dim2 = 0.0008
lambda2_dim2 = 0.05
