2020-03-24 16:47:55.431635
Model name: diabnet/models/model-sp-soft-label-positives-1000-dropout005-decay-055.pth'

Confusion matrix:
[[126.26666667  14.73333333]
 [  4.03333333  34.96666667]]

T Loss: 0.4429779350757599

T Loss(reg): 0.8173427581787109

V Loss: 0.4861068394449022

l1_neurons = 128
l2_neurons = 0
l3_neurons = 0
dp0 = 0
dp1 = 0.05
dp2 = 0
dp3 = 0
lr = 0.0007
wd = 1e-06
lambda1_dim1 = 0.0003
lambda2_dim1 = 0.05
lambda1_dim2 = 0.0008
lambda2_dim2 = 0.05
