2020-04-06 21:11:50.605166
Model name: diabnet/models/model-sp-soft-label-random-1000-nodropout-decay-094.pth

Confusion matrix:
[[105.  28.]
 [ 41.   6.]]

T Loss: 0.4769908607006073

T Loss(reg): 0.7962346911430359

V Loss: 0.8346448342005411

l1_neurons = 128
l2_neurons = 0
l3_neurons = 0
dp0 = 0
dp1 = 0.0
dp2 = 0
dp3 = 0
lr = 0.0007
wd = 1e-06
lambda1_dim1 = 0.0003
lambda2_dim1 = 0.05
lambda1_dim2 = 0.0008
lambda2_dim2 = 0.05
