2020-03-24 19:15:59.715521
Model name: diabnet/models/model-sp-soft-label-positives-1000-dropout005-decay-099.pth'

Confusion matrix:
[[117.93333333  17.06666667]
 [ 10.4         34.6       ]]

T Loss: 0.4503794252872467

T Loss(reg): 0.8193501472473145

V Loss: 0.5428092976411184

l1_neurons = 128
l2_neurons = 0
l3_neurons = 0
dp0 = 0
dp1 = 0.05
dp2 = 0
dp3 = 0
lr = 0.0007
wd = 1e-06
lambda1_dim1 = 0.0003
lambda2_dim1 = 0.05
lambda1_dim2 = 0.0008
lambda2_dim2 = 0.05
