2020-04-07 16:54:51.392601
Model name: diabnet/models/model-sp-soft-label-negative-1000-nodropout-decay-076.pth

Confusion matrix:
[[121.  19.]
 [ 32.   8.]]

T Loss: 0.4814485549926758

T Loss(reg): 0.8026226043701172

V Loss: 0.7640425562858582

l1_neurons = 128
l2_neurons = 0
l3_neurons = 0
dp0 = 0
dp1 = 0.0
dp2 = 0
dp3 = 0
lr = 0.0007
wd = 1e-06
lambda1_dim1 = 0.0003
lambda2_dim1 = 0.05
lambda1_dim2 = 0.0008
lambda2_dim2 = 0.05
