2020-05-22 18:36:41.455954
Model name: diabnet/models/model-13-sp-soft-label-random-2500-dropout0-bn-decay-flood-hyperopt-051.pth

Confusion matrix:
[[2.73333333 1.83333333]
 [0.96666667 0.46666667]]

T Loss: 0.393544340133667

T Loss(reg): 0.393544340133667

V Loss: 1.0933076937993367

l1_neurons = 13
l2_neurons = 0
l3_neurons = 0
dp0 = 0.45
dp1 = 0.0
dp2 = 0
dp3 = 0
lr = 0.0045
wd = 1e-06
lambda1_dim1 = 0.0
lambda2_dim1 = 7.5e-05
lambda1_dim2 = 0.0
lambda2_dim2 = 5e-05
flood_penalty = 0.39
