2020-03-31 15:46:30.738934
Model name: diabnet/models/model-sp-soft-label-negatives-1000-dropout005-decay-054.pth'

Confusion matrix:
[[109.03333333  24.96666667]
 [ 37.8          8.2       ]]

T Loss: 0.5205963134765625

T Loss(reg): 0.7994635224342346

V Loss: 0.7641396999359131

l1_neurons = 128
l2_neurons = 0
l3_neurons = 0
dp0 = 0
dp1 = 0.05
dp2 = 0
dp3 = 0
lr = 0.0007
wd = 1e-06
lambda1_dim1 = 0.0003
lambda2_dim1 = 0.05
lambda1_dim2 = 0.0008
lambda2_dim2 = 0.05
