2020-03-24 15:44:48.324588
Model name: diabnet/models/model-sp-soft-label-positives-1000-dropout005-decay-036.pth'

Confusion matrix:
[[115.7         23.3       ]
 [ 11.03333333  29.96666667]]

T Loss: 0.43670293092727663

T Loss(reg): 0.8131960153579711

V Loss: 0.5723082310623593

l1_neurons = 128
l2_neurons = 0
l3_neurons = 0
dp0 = 0
dp1 = 0.05
dp2 = 0
dp3 = 0
lr = 0.0007
wd = 1e-06
lambda1_dim1 = 0.0003
lambda2_dim1 = 0.05
lambda1_dim2 = 0.0008
lambda2_dim2 = 0.05
