2020-03-24 17:48:10.045122
Model name: diabnet/models/model-sp-soft-label-positives-1000-dropout005-decay-073.pth'

Confusion matrix:
[[115.63333333  11.36666667]
 [ 10.23333333  42.76666667]]

T Loss: 0.4561049520969391

T Loss(reg): 0.7904192209243774

V Loss: 0.5247715009583367

l1_neurons = 128
l2_neurons = 0
l3_neurons = 0
dp0 = 0
dp1 = 0.05
dp2 = 0
dp3 = 0
lr = 0.0007
wd = 1e-06
lambda1_dim1 = 0.0003
lambda2_dim1 = 0.05
lambda1_dim2 = 0.0008
lambda2_dim2 = 0.05
