2020-03-31 12:26:54.371878
Model name: diabnet/models/model-sp-soft-label-negatives-1000-dropout005-decay-000.pth'

Confusion matrix:
[[104.76666667  33.23333333]
 [ 33.03333333   8.96666667]]

T Loss: 0.4998313307762146

T Loss(reg): 0.7776349902153015

V Loss: 0.80197963780827

l1_neurons = 128
l2_neurons = 0
l3_neurons = 0
dp0 = 0
dp1 = 0.05
dp2 = 0
dp3 = 0
lr = 0.0007
wd = 1e-06
lambda1_dim1 = 0.0003
lambda2_dim1 = 0.05
lambda1_dim2 = 0.0008
lambda2_dim2 = 0.05
