2020-03-16 19:51:58.514887
Model name: diabnet/models/model-sp-soft-label-positives-1000-nodropout-decay-082.pth'

Confusion matrix:
[[129.  14.]
 [  8.  29.]]

T Loss: 0.44335678219795227

T Loss(reg): 0.8350156784057617

V Loss: 0.4975825051466624

l1_neurons = 128
l2_neurons = 0
l3_neurons = 0
dp0 = 0
dp1 = 0.0
dp2 = 0
dp3 = 0
lr = 0.0007
wd = 1e-06
lambda1_dim1 = 0.0003
lambda2_dim1 = 0.05
lambda1_dim2 = 0.0008
lambda2_dim2 = 0.05
