2020-04-09 19:36:30.629592
Model name: diabnet/models/model-sp-soft-label-negatives-1000-nodropout-bn-decay-010.pth

Confusion matrix:
[[98. 41.]
 [26. 15.]]

T Loss: 0.337815535068512

T Loss(reg): 0.6693868160247802

V Loss: 1.0076788663864136

l1_neurons = 128
l2_neurons = 0
l3_neurons = 0
dp0 = 0
dp1 = 0.0
dp2 = 0
dp3 = 0
lr = 0.0007
wd = 1e-06
lambda1_dim1 = 0.0003
lambda2_dim1 = 0.05
lambda1_dim2 = 0.0008
lambda2_dim2 = 0.05
