2020-04-28 21:30:20.795998
Model name: diabnet/models/model-32-sp-soft-label-random-1000-dropout0-05-bn-decay-flood-096.pth

Confusion matrix:
[[97. 34.]
 [42.  7.]]

T Loss: 0.5322652459144592

T Loss(reg): 0.8210406303405762

V Loss: 0.8312031030654907

l1_neurons = 32
l2_neurons = 0
l3_neurons = 0
dp0 = 0.5
dp1 = 0.0
dp2 = 0
dp3 = 0
lr = 0.0007
wd = 1e-06
lambda1_dim1 = 0.0003
lambda2_dim1 = 0.05
lambda1_dim2 = 0.0008
lambda2_dim2 = 0.05
