2020-04-06 12:14:45.858278
Model name: diabnet/models/model-sp-soft-label-random-1000-nodropout-decay-009.pth

Confusion matrix:
[[97. 38.]
 [38.  7.]]

T Loss: 0.4812548041343689

T Loss(reg): 0.8063294291496277

V Loss: 0.8186128536860148

l1_neurons = 128
l2_neurons = 0
l3_neurons = 0
dp0 = 0
dp1 = 0.0
dp2 = 0
dp3 = 0
lr = 0.0007
wd = 1e-06
lambda1_dim1 = 0.0003
lambda2_dim1 = 0.05
lambda1_dim2 = 0.0008
lambda2_dim2 = 0.05
