2020-03-24 14:15:08.775353
Model name: diabnet/models/model-sp-soft-label-positives-1000-dropout005-decay-009.pth'

Confusion matrix:
[[116.96666667  19.03333333]
 [ 12.96666667  31.03333333]]

T Loss: 0.4526341319084167

T Loss(reg): 0.8296226978302002

V Loss: 0.5414291282494863

l1_neurons = 128
l2_neurons = 0
l3_neurons = 0
dp0 = 0
dp1 = 0.05
dp2 = 0
dp3 = 0
lr = 0.0007
wd = 1e-06
lambda1_dim1 = 0.0003
lambda2_dim1 = 0.05
lambda1_dim2 = 0.0008
lambda2_dim2 = 0.05
