2020-04-09 12:25:35.282281
Model name: diabnet/models/model-sp-soft-label-positives-1000-nodropout-bn-decay-009.pth

Confusion matrix:
[[118.  17.]
 [  7.  38.]]

T Loss: 0.4256516218185425

T Loss(reg): 0.845695149898529

V Loss: 0.5392379562060038

l1_neurons = 128
l2_neurons = 0
l3_neurons = 0
dp0 = 0
dp1 = 0.0
dp2 = 0
dp3 = 0
lr = 0.0007
wd = 1e-06
lambda1_dim1 = 0.0003
lambda2_dim1 = 0.05
lambda1_dim2 = 0.0008
lambda2_dim2 = 0.05
