2020-03-24 14:41:42.702228
Model name: diabnet/models/model-sp-soft-label-positives-1000-dropout005-decay-017.pth'

Confusion matrix:
[[121.73333333  11.26666667]
 [ 11.43333333  35.56666667]]

T Loss: 0.45253193378448486

T Loss(reg): 0.8275572299957276

V Loss: 0.5302255514595243

l1_neurons = 128
l2_neurons = 0
l3_neurons = 0
dp0 = 0
dp1 = 0.05
dp2 = 0
dp3 = 0
lr = 0.0007
wd = 1e-06
lambda1_dim1 = 0.0003
lambda2_dim1 = 0.05
lambda1_dim2 = 0.0008
lambda2_dim2 = 0.05
