2020-04-13 13:29:10.627558
Model name: diabnet/models/model-sp-soft-label-positives-1000-dropout0-05-bn-decay-048.pth

Confusion matrix:
[[115.  29.]
 [  3.  33.]]

T Loss: 0.45075092315673826

T Loss(reg): 0.8413612484931946

V Loss: 0.5338623722394308

l1_neurons = 128
l2_neurons = 0
l3_neurons = 0
dp0 = 0.5
dp1 = 0.0
dp2 = 0
dp3 = 0
lr = 0.0007
wd = 1e-06
lambda1_dim1 = 0.0003
lambda2_dim1 = 0.05
lambda1_dim2 = 0.0008
lambda2_dim2 = 0.05
