2020-03-24 15:38:10.980099
Model name: diabnet/models/model-sp-soft-label-positives-1000-dropout005-decay-034.pth'

Confusion matrix:
[[126.93333333  15.06666667]
 [  7.          31.        ]]

T Loss: 0.4523464202880859

T Loss(reg): 0.8345743298530579

V Loss: 0.5248134973976347

l1_neurons = 128
l2_neurons = 0
l3_neurons = 0
dp0 = 0
dp1 = 0.05
dp2 = 0
dp3 = 0
lr = 0.0007
wd = 1e-06
lambda1_dim1 = 0.0003
lambda2_dim1 = 0.05
lambda1_dim2 = 0.0008
lambda2_dim2 = 0.05
