2020-03-06 18:47:49.273908
Model name: diabnet/models/model-sp-soft-label-positives-1000-decay-029.pth'

Confusion matrix:
[[124.06666667  11.93333333]
 [ 15.06666667  28.93333333]]

T Loss: 0.44733393788337705

T Loss(reg): 0.7913509488105774

V Loss: 0.5405257532993952

l1_neurons = 256
l2_neurons = 0
l3_neurons = 0
dp0 = 0
dp1 = 0.5
dp2 = 0
dp3 = 0
lr = 0.0007
wd = 1e-06
lambda1_dim1 = 0.0003
lambda2_dim1 = 0.05
lambda1_dim2 = 0.0008
lambda2_dim2 = 0.05
