2020-04-07 13:12:16.344561
Model name: diabnet/models/model-sp-soft-label-negative-1000-nodropout-decay-046.pth

Confusion matrix:
[[118.  37.]
 [ 16.   9.]]

T Loss: 0.47674129009246824

T Loss(reg): 0.7927971720695496

V Loss: 0.711658259232839

l1_neurons = 128
l2_neurons = 0
l3_neurons = 0
dp0 = 0
dp1 = 0.0
dp2 = 0
dp3 = 0
lr = 0.0007
wd = 1e-06
lambda1_dim1 = 0.0003
lambda2_dim1 = 0.05
lambda1_dim2 = 0.0008
lambda2_dim2 = 0.05
