2020-03-31 17:48:23.765138
Model name: diabnet/models/model-sp-soft-label-negatives-1000-dropout005-decay-069.pth'

Confusion matrix:
[[96.8        38.2       ]
 [35.16666667  9.83333333]]

T Loss: 0.43100905418395996

T Loss(reg): 0.7474680542945862

V Loss: 0.9553669187757704

l1_neurons = 128
l2_neurons = 0
l3_neurons = 0
dp0 = 0
dp1 = 0.05
dp2 = 0
dp3 = 0
lr = 0.0007
wd = 1e-06
lambda1_dim1 = 0.0003
lambda2_dim1 = 0.05
lambda1_dim2 = 0.0008
lambda2_dim2 = 0.05
