2020-03-06 19:14:54.168278
Model name: diabnet/models/model-sp-soft-label-positives-1000-decay-037.pth'

Confusion matrix:
[[130.   13. ]
 [  8.9  28.1]]

T Loss: 0.4613501787185669

T Loss(reg): 0.8074800610542298

V Loss: 0.5171748263968362

l1_neurons = 256
l2_neurons = 0
l3_neurons = 0
dp0 = 0
dp1 = 0.5
dp2 = 0
dp3 = 0
lr = 0.0007
wd = 1e-06
lambda1_dim1 = 0.0003
lambda2_dim1 = 0.05
lambda1_dim2 = 0.0008
lambda2_dim2 = 0.05
