2020-04-06 17:22:11.899895
Model name: diabnet/models/model-sp-soft-label-random-1000-nodropout-decay-053.pth

Confusion matrix:
[[100.  34.]
 [ 35.  11.]]

T Loss: 0.43414738178253176

T Loss(reg): 0.7543357610702515

V Loss: 0.8298916816711426

l1_neurons = 128
l2_neurons = 0
l3_neurons = 0
dp0 = 0
dp1 = 0.0
dp2 = 0
dp3 = 0
lr = 0.0007
wd = 1e-06
lambda1_dim1 = 0.0003
lambda2_dim1 = 0.05
lambda1_dim2 = 0.0008
lambda2_dim2 = 0.05
