2020-04-06 16:05:11.666074
Model name: diabnet/models/model-sp-soft-label-random-1000-nodropout-decay-042.pth

Confusion matrix:
[[113.  26.]
 [ 35.   6.]]

T Loss: 0.48693268895149233

T Loss(reg): 0.7994384765625

V Loss: 0.8049644231796265

l1_neurons = 128
l2_neurons = 0
l3_neurons = 0
dp0 = 0
dp1 = 0.0
dp2 = 0
dp3 = 0
lr = 0.0007
wd = 1e-06
lambda1_dim1 = 0.0003
lambda2_dim1 = 0.05
lambda1_dim2 = 0.0008
lambda2_dim2 = 0.05
