2020-04-06 15:51:15.341896
Model name: diabnet/models/model-sp-soft-label-random-1000-nodropout-decay-040.pth

Confusion matrix:
[[96. 39.]
 [32. 13.]]

T Loss: 0.44280746579170227

T Loss(reg): 0.7807642817497253

V Loss: 0.8574982682863871

l1_neurons = 128
l2_neurons = 0
l3_neurons = 0
dp0 = 0
dp1 = 0.0
dp2 = 0
dp3 = 0
lr = 0.0007
wd = 1e-06
lambda1_dim1 = 0.0003
lambda2_dim1 = 0.05
lambda1_dim2 = 0.0008
lambda2_dim2 = 0.05
