2020-04-09 22:41:15.861997
Model name: diabnet/models/model-sp-soft-label-negatives-1000-nodropout-bn-decay-063.pth

Confusion matrix:
[[94. 48.]
 [28. 10.]]

T Loss: 0.3716045618057251

T Loss(reg): 0.7015283823013305

V Loss: 0.9639257589975992

l1_neurons = 128
l2_neurons = 0
l3_neurons = 0
dp0 = 0
dp1 = 0.0
dp2 = 0
dp3 = 0
lr = 0.0007
wd = 1e-06
lambda1_dim1 = 0.0003
lambda2_dim1 = 0.05
lambda1_dim2 = 0.0008
lambda2_dim2 = 0.05
