2020-03-24 17:58:17.281476
Model name: diabnet/models/model-sp-soft-label-positives-1000-dropout005-decay-076.pth'

Confusion matrix:
[[118.4         24.6       ]
 [  8.93333333  28.06666667]]

T Loss: 0.4435166895389557

T Loss(reg): 0.8044806480407715

V Loss: 0.5556658433543311

l1_neurons = 128
l2_neurons = 0
l3_neurons = 0
dp0 = 0
dp1 = 0.05
dp2 = 0
dp3 = 0
lr = 0.0007
wd = 1e-06
lambda1_dim1 = 0.0003
lambda2_dim1 = 0.05
lambda1_dim2 = 0.0008
lambda2_dim2 = 0.05
