2020-04-13 21:04:21.263847
Model name: diabnet/models/model-sp-soft-label-random-1000-dropout0-05-bn-decay-072.pth

Confusion matrix:
[[104.  34.]
 [ 32.  10.]]

T Loss: 0.4544210970401764

T Loss(reg): 0.7609541893005372

V Loss: 0.8399044871330261

l1_neurons = 128
l2_neurons = 0
l3_neurons = 0
dp0 = 0.5
dp1 = 0.0
dp2 = 0
dp3 = 0
lr = 0.0007
wd = 1e-06
lambda1_dim1 = 0.0003
lambda2_dim1 = 0.05
lambda1_dim2 = 0.0008
lambda2_dim2 = 0.05
