2020-04-29 13:07:06.344427
Model name: diabnet/models/model-32-sp-soft-label-randomized_positives-1000-dropout0-05-bn-decay-flood-041.pth

Confusion matrix:
[[100.  38.]
 [ 29.  13.]]

T Loss: 0.5275091171264649

T Loss(reg): 0.8740920186042785

V Loss: 0.7645196517308553

l1_neurons = 32
l2_neurons = 0
l3_neurons = 0
dp0 = 0.5
dp1 = 0.0
dp2 = 0
dp3 = 0
lr = 0.0007
wd = 1e-06
lambda1_dim1 = 0.0003
lambda2_dim1 = 0.05
lambda1_dim2 = 0.0008
lambda2_dim2 = 0.05
