2020-04-07 18:53:37.446027
Model name: diabnet/models/model-sp-soft-label-negative-1000-nodropout-decay-092.pth

Confusion matrix:
[[111.  21.]
 [ 41.   7.]]

T Loss: 0.5224968194961548

T Loss(reg): 0.8316037893295288

V Loss: 0.7812905708948771

l1_neurons = 128
l2_neurons = 0
l3_neurons = 0
dp0 = 0
dp1 = 0.0
dp2 = 0
dp3 = 0
lr = 0.0007
wd = 1e-06
lambda1_dim1 = 0.0003
lambda2_dim1 = 0.05
lambda1_dim2 = 0.0008
lambda2_dim2 = 0.05
