2020-04-07 08:54:43.458438
Model name: diabnet/models/model-sp-soft-label-negative-1000-nodropout-decay-008.pth

Confusion matrix:
[[97. 41.]
 [36.  6.]]

T Loss: 0.50382199883461

T Loss(reg): 0.8128966689109802

V Loss: 0.849366823832194

l1_neurons = 128
l2_neurons = 0
l3_neurons = 0
dp0 = 0
dp1 = 0.0
dp2 = 0
dp3 = 0
lr = 0.0007
wd = 1e-06
lambda1_dim1 = 0.0003
lambda2_dim1 = 0.05
lambda1_dim2 = 0.0008
lambda2_dim2 = 0.05
