2020-03-31 12:56:58.247346
Model name: diabnet/models/model-sp-soft-label-negatives-1000-dropout005-decay-009.pth'

Confusion matrix:
[[112.93333333  33.06666667]
 [ 25.8          8.2       ]]

T Loss: 0.5282111525535583

T Loss(reg): 0.811119019985199

V Loss: 0.754027247428894

l1_neurons = 128
l2_neurons = 0
l3_neurons = 0
dp0 = 0
dp1 = 0.05
dp2 = 0
dp3 = 0
lr = 0.0007
wd = 1e-06
lambda1_dim1 = 0.0003
lambda2_dim1 = 0.05
lambda1_dim2 = 0.0008
lambda2_dim2 = 0.05
