2020-04-13 20:25:06.146834
Model name: diabnet/models/model-sp-soft-label-random-1000-dropout0-05-bn-decay-061.pth

Confusion matrix:
[[108.  39.]
 [ 21.  12.]]

T Loss: 0.442527711391449

T Loss(reg): 0.7422288656234741

V Loss: 0.7766953706741333

l1_neurons = 128
l2_neurons = 0
l3_neurons = 0
dp0 = 0.5
dp1 = 0.0
dp2 = 0
dp3 = 0
lr = 0.0007
wd = 1e-06
lambda1_dim1 = 0.0003
lambda2_dim1 = 0.05
lambda1_dim2 = 0.0008
lambda2_dim2 = 0.05
