2020-03-24 14:01:52.329976
Model name: diabnet/models/model-sp-soft-label-positives-1000-dropout005-decay-005.pth'

Confusion matrix:
[[121.23333333  15.76666667]
 [ 15.43333333  27.56666667]]

T Loss: 0.44342958331108095

T Loss(reg): 0.8188935279846191

V Loss: 0.560984378390842

l1_neurons = 128
l2_neurons = 0
l3_neurons = 0
dp0 = 0
dp1 = 0.05
dp2 = 0
dp3 = 0
lr = 0.0007
wd = 1e-06
lambda1_dim1 = 0.0003
lambda2_dim1 = 0.05
lambda1_dim2 = 0.0008
lambda2_dim2 = 0.05
