2020-04-03 18:41:09.174740
Model name: diabnet/models/model-sp-soft-label-random-1000-dropout005-decay-069.pth

Confusion matrix:
[[104.8         33.2       ]
 [ 32.96666667   9.03333333]]

T Loss: 0.533415699005127

T Loss(reg): 0.8034123301506042

V Loss: 0.7849914186530643

l1_neurons = 128
l2_neurons = 0
l3_neurons = 0
dp0 = 0
dp1 = 0.05
dp2 = 0
dp3 = 0
lr = 0.0007
wd = 1e-06
lambda1_dim1 = 0.0003
lambda2_dim1 = 0.05
lambda1_dim2 = 0.0008
lambda2_dim2 = 0.05
