2020-04-15 18:14:13.428609
Model name: diabnet/models/model-32-sp-soft-label-positives-1000-dropout0-05-bn-decay-045.pth

Confusion matrix:
[[118.  18.]
 [ 12.  32.]]

T Loss: 0.44543761014938354

T Loss(reg): 0.8159228205680847

V Loss: 0.5556028683980306

l1_neurons = 32
l2_neurons = 0
l3_neurons = 0
dp0 = 0.5
dp1 = 0.0
dp2 = 0
dp3 = 0
lr = 0.0007
wd = 1e-06
lambda1_dim1 = 0.0003
lambda2_dim1 = 0.05
lambda1_dim2 = 0.0008
lambda2_dim2 = 0.05
