2020-04-06 20:48:19.888388
Model name: diabnet/models/model-sp-soft-label-random-1000-nodropout-decay-087.pth

Confusion matrix:
[[108.  27.]
 [ 35.  10.]]

T Loss: 0.4895322144031525

T Loss(reg): 0.7820119500160218

V Loss: 0.7811271746953329

l1_neurons = 128
l2_neurons = 0
l3_neurons = 0
dp0 = 0
dp1 = 0.0
dp2 = 0
dp3 = 0
lr = 0.0007
wd = 1e-06
lambda1_dim1 = 0.0003
lambda2_dim1 = 0.05
lambda1_dim2 = 0.0008
lambda2_dim2 = 0.05
