2020-03-31 20:57:45.682986
Model name: diabnet/models/model-sp-soft-label-negatives-1000-dropout005-decay-098.pth'

Confusion matrix:
[[118.16666667  30.83333333]
 [ 25.2          5.8       ]]

T Loss: 0.4962215006351471

T Loss(reg): 0.789301073551178

V Loss: 0.7667995194594065

l1_neurons = 128
l2_neurons = 0
l3_neurons = 0
dp0 = 0
dp1 = 0.05
dp2 = 0
dp3 = 0
lr = 0.0007
wd = 1e-06
lambda1_dim1 = 0.0003
lambda2_dim1 = 0.05
lambda1_dim2 = 0.0008
lambda2_dim2 = 0.05
