2020-04-07 19:08:24.041136
Model name: diabnet/models/model-sp-soft-label-negative-1000-nodropout-decay-094.pth

Confusion matrix:
[[108.  32.]
 [ 29.  11.]]

T Loss: 0.4579781711101532

T Loss(reg): 0.7657736778259278

V Loss: 0.8443957765897115

l1_neurons = 128
l2_neurons = 0
l3_neurons = 0
dp0 = 0
dp1 = 0.0
dp2 = 0
dp3 = 0
lr = 0.0007
wd = 1e-06
lambda1_dim1 = 0.0003
lambda2_dim1 = 0.05
lambda1_dim2 = 0.0008
lambda2_dim2 = 0.05
