2020-03-16 17:18:45.646690
Model name: diabnet/models/model-sp-soft-label-positives-1000-nodropout-decay-037.pth'

Confusion matrix:
[[116.  27.]
 [  4.  33.]]

T Loss: 0.44813117384910583

T Loss(reg): 0.8451112866401672

V Loss: 0.5435224175453186

l1_neurons = 128
l2_neurons = 0
l3_neurons = 0
dp0 = 0
dp1 = 0.0
dp2 = 0
dp3 = 0
lr = 0.0007
wd = 1e-06
lambda1_dim1 = 0.0003
lambda2_dim1 = 0.05
lambda1_dim2 = 0.0008
lambda2_dim2 = 0.05
