2020-04-09 22:48:13.317115
Model name: diabnet/models/model-sp-soft-label-negatives-1000-nodropout-bn-decay-065.pth

Confusion matrix:
[[104.  36.]
 [ 24.  16.]]

T Loss: 0.35141987800598146

T Loss(reg): 0.6969262719154358

V Loss: 0.8672867019971212

l1_neurons = 128
l2_neurons = 0
l3_neurons = 0
dp0 = 0
dp1 = 0.0
dp2 = 0
dp3 = 0
lr = 0.0007
wd = 1e-06
lambda1_dim1 = 0.0003
lambda2_dim1 = 0.05
lambda1_dim2 = 0.0008
lambda2_dim2 = 0.05
