2020-04-09 16:30:31.403845
Model name: diabnet/models/model-sp-soft-label-positives-1000-nodropout-bn-decay-081.pth

Confusion matrix:
[[124.  20.]
 [  7.  29.]]

T Loss: 0.4279750347137451

T Loss(reg): 0.8319041728973389

V Loss: 0.5413483877976736

l1_neurons = 128
l2_neurons = 0
l3_neurons = 0
dp0 = 0
dp1 = 0.0
dp2 = 0
dp3 = 0
lr = 0.0007
wd = 1e-06
lambda1_dim1 = 0.0003
lambda2_dim1 = 0.05
lambda1_dim2 = 0.0008
lambda2_dim2 = 0.05
