2020-04-28 21:37:25.528681
Model name: diabnet/models/model-32-sp-soft-label-random-1000-dropout0-05-bn-decay-flood-098.pth

Confusion matrix:
[[109.  31.]
 [ 29.  11.]]

T Loss: 0.5527678728103638

T Loss(reg): 0.8509850859642029

V Loss: 0.7743502060572306

l1_neurons = 32
l2_neurons = 0
l3_neurons = 0
dp0 = 0.5
dp1 = 0.0
dp2 = 0
dp3 = 0
lr = 0.0007
wd = 1e-06
lambda1_dim1 = 0.0003
lambda2_dim1 = 0.05
lambda1_dim2 = 0.0008
lambda2_dim2 = 0.05
