2020-04-28 14:18:45.467473
Model name: diabnet/models/model-32-sp-soft-label-negatives-1000-dropout0-05-bn-decay-flood-084.pth

Confusion matrix:
[[110.  19.]
 [ 43.   8.]]

T Loss: 0.5289100170135498

T Loss(reg): 0.8176180362701416

V Loss: 0.7911409934361776

l1_neurons = 32
l2_neurons = 0
l3_neurons = 0
dp0 = 0.5
dp1 = 0.0
dp2 = 0
dp3 = 0
lr = 0.0007
wd = 1e-06
lambda1_dim1 = 0.0003
lambda2_dim1 = 0.05
lambda1_dim2 = 0.0008
lambda2_dim2 = 0.05
