2020-04-06 17:43:14.720723
Model name: diabnet/models/model-sp-soft-label-random-1000-nodropout-decay-056.pth

Confusion matrix:
[[112.  25.]
 [ 38.   5.]]

T Loss: 0.4732632637023926

T Loss(reg): 0.7854955315589904

V Loss: 0.7820200324058533

l1_neurons = 128
l2_neurons = 0
l3_neurons = 0
dp0 = 0
dp1 = 0.0
dp2 = 0
dp3 = 0
lr = 0.0007
wd = 1e-06
lambda1_dim1 = 0.0003
lambda2_dim1 = 0.05
lambda1_dim2 = 0.0008
lambda2_dim2 = 0.05
