2020-03-31 13:03:35.868452
Model name: diabnet/models/model-sp-soft-label-negatives-1000-dropout005-decay-011.pth'

Confusion matrix:
[[116.2         28.8       ]
 [ 27.56666667   7.43333333]]

T Loss: 0.5147850751876831

T Loss(reg): 0.8152388334274292

V Loss: 0.7524269819259644

l1_neurons = 128
l2_neurons = 0
l3_neurons = 0
dp0 = 0
dp1 = 0.05
dp2 = 0
dp3 = 0
lr = 0.0007
wd = 1e-06
lambda1_dim1 = 0.0003
lambda2_dim1 = 0.05
lambda1_dim2 = 0.0008
lambda2_dim2 = 0.05
