2020-04-15 16:19:53.950896
Model name: diabnet/models/model-32-sp-soft-label-positives-1000-dropout0-05-bn-decay-012.pth

Confusion matrix:
[[132.  10.]
 [ 10.  28.]]

T Loss: 0.4623244285583496

T Loss(reg): 0.807855761051178

V Loss: 0.5467113057772318

l1_neurons = 32
l2_neurons = 0
l3_neurons = 0
dp0 = 0.5
dp1 = 0.0
dp2 = 0
dp3 = 0
lr = 0.0007
wd = 1e-06
lambda1_dim1 = 0.0003
lambda2_dim1 = 0.05
lambda1_dim2 = 0.0008
lambda2_dim2 = 0.05
