2020-04-13 18:59:25.806622
Model name: diabnet/models/model-sp-soft-label-random-1000-dropout0-05-bn-decay-037.pth

Confusion matrix:
[[112.  30.]
 [ 22.  16.]]

T Loss: 0.4898167192935944

T Loss(reg): 0.7856110453605651

V Loss: 0.8038435379664103

l1_neurons = 128
l2_neurons = 0
l3_neurons = 0
dp0 = 0.5
dp1 = 0.0
dp2 = 0
dp3 = 0
lr = 0.0007
wd = 1e-06
lambda1_dim1 = 0.0003
lambda2_dim1 = 0.05
lambda1_dim2 = 0.0008
lambda2_dim2 = 0.05
