2020-04-14 11:48:45.433430
Model name: diabnet/models/model-sp-soft-label-negatives-1000-dropout0-05-bn-decay-021.pth

Confusion matrix:
[[104.  35.]
 [ 30.  11.]]

T Loss: 0.4298011243343353

T Loss(reg): 0.7435889124870301

V Loss: 0.8350907961527506

l1_neurons = 128
l2_neurons = 0
l3_neurons = 0
dp0 = 0.5
dp1 = 0.0
dp2 = 0
dp3 = 0
lr = 0.0007
wd = 1e-06
lambda1_dim1 = 0.0003
lambda2_dim1 = 0.05
lambda1_dim2 = 0.0008
lambda2_dim2 = 0.05
