2020-03-16 18:29:09.129998
Model name: diabnet/models/model-sp-soft-label-positives-1000-nodropout-decay-058.pth'

Confusion matrix:
[[123.  22.]
 [  4.  31.]]

T Loss: 0.4523405909538269

T Loss(reg): 0.8571828603744507

V Loss: 0.5175877213478088

l1_neurons = 128
l2_neurons = 0
l3_neurons = 0
dp0 = 0
dp1 = 0.0
dp2 = 0
dp3 = 0
lr = 0.0007
wd = 1e-06
lambda1_dim1 = 0.0003
lambda2_dim1 = 0.05
lambda1_dim2 = 0.0008
lambda2_dim2 = 0.05
