2020-04-03 16:04:51.399701
Model name: diabnet/models/model-sp-soft-label-random-1000-dropout005-decay-023.pth

Confusion matrix:
[[108.13333333  23.86666667]
 [ 34.66666667  13.33333333]]

T Loss: 0.4989487290382385

T Loss(reg): 0.7986510276794434

V Loss: 0.7984067307578193

l1_neurons = 128
l2_neurons = 0
l3_neurons = 0
dp0 = 0
dp1 = 0.05
dp2 = 0
dp3 = 0
lr = 0.0007
wd = 1e-06
lambda1_dim1 = 0.0003
lambda2_dim1 = 0.05
lambda1_dim2 = 0.0008
lambda2_dim2 = 0.05
