2020-03-06 21:54:31.260168
Model name: diabnet/models/model-sp-soft-label-positives-1000-decay-084.pth'

Confusion matrix:
[[125.06666667  12.93333333]
 [  9.83333333  32.16666667]]

T Loss: 0.45083211064338685

T Loss(reg): 0.7767695784568787

V Loss: 0.4990926014052497

l1_neurons = 256
l2_neurons = 0
l3_neurons = 0
dp0 = 0
dp1 = 0.5
dp2 = 0
dp3 = 0
lr = 0.0007
wd = 1e-06
lambda1_dim1 = 0.0003
lambda2_dim1 = 0.05
lambda1_dim2 = 0.0008
lambda2_dim2 = 0.05
