2020-04-09 21:42:03.321524
Model name: diabnet/models/model-sp-soft-label-negatives-1000-nodropout-bn-decay-046.pth

Confusion matrix:
[[87. 51.]
 [25. 17.]]

T Loss: 0.342540967464447

T Loss(reg): 0.6686539649963379

V Loss: 0.885850191116333

l1_neurons = 128
l2_neurons = 0
l3_neurons = 0
dp0 = 0
dp1 = 0.0
dp2 = 0
dp3 = 0
lr = 0.0007
wd = 1e-06
lambda1_dim1 = 0.0003
lambda2_dim1 = 0.05
lambda1_dim2 = 0.0008
lambda2_dim2 = 0.05
