2020-04-09 13:16:35.306440
Model name: diabnet/models/model-sp-soft-label-positives-1000-nodropout-bn-decay-024.pth

Confusion matrix:
[[123.  17.]
 [  6.  34.]]

T Loss: 0.4434134542942047

T Loss(reg): 0.8402666807174682

V Loss: 0.4860851565996806

l1_neurons = 128
l2_neurons = 0
l3_neurons = 0
dp0 = 0
dp1 = 0.0
dp2 = 0
dp3 = 0
lr = 0.0007
wd = 1e-06
lambda1_dim1 = 0.0003
lambda2_dim1 = 0.05
lambda1_dim2 = 0.0008
lambda2_dim2 = 0.05
