2020-04-07 12:05:38.693155
Model name: diabnet/models/model-sp-soft-label-negative-1000-nodropout-decay-037.pth

Confusion matrix:
[[112.  25.]
 [ 36.   7.]]

T Loss: 0.4624247908592224

T Loss(reg): 0.7718630075454712

V Loss: 0.7558030486106873

l1_neurons = 128
l2_neurons = 0
l3_neurons = 0
dp0 = 0
dp1 = 0.0
dp2 = 0
dp3 = 0
lr = 0.0007
wd = 1e-06
lambda1_dim1 = 0.0003
lambda2_dim1 = 0.05
lambda1_dim2 = 0.0008
lambda2_dim2 = 0.05
