2020-03-16 19:48:37.618885
Model name: diabnet/models/model-sp-soft-label-positives-1000-nodropout-decay-081.pth'

Confusion matrix:
[[116.  20.]
 [  7.  37.]]

T Loss: 0.4456255316734314

T Loss(reg): 0.8352334260940552

V Loss: 0.5313435991605123

l1_neurons = 128
l2_neurons = 0
l3_neurons = 0
dp0 = 0
dp1 = 0.0
dp2 = 0
dp3 = 0
lr = 0.0007
wd = 1e-06
lambda1_dim1 = 0.0003
lambda2_dim1 = 0.05
lambda1_dim2 = 0.0008
lambda2_dim2 = 0.05
