2020-04-03 20:17:00.448639
Model name: diabnet/models/model-sp-soft-label-random-1000-dropout005-decay-097.pth

Confusion matrix:
[[98.  42. ]
 [28.6 11.4]]

T Loss: 0.4938118100166321

T Loss(reg): 0.7916945457458496

V Loss: 0.8600348757372962

l1_neurons = 128
l2_neurons = 0
l3_neurons = 0
dp0 = 0
dp1 = 0.05
dp2 = 0
dp3 = 0
lr = 0.0007
wd = 1e-06
lambda1_dim1 = 0.0003
lambda2_dim1 = 0.05
lambda1_dim2 = 0.0008
lambda2_dim2 = 0.05
