2020-04-07 11:06:28.705994
Model name: diabnet/models/model-sp-soft-label-negative-1000-nodropout-decay-029.pth

Confusion matrix:
[[113.  29.]
 [ 30.   8.]]

T Loss: 0.46859630942344666

T Loss(reg): 0.7768869042396546

V Loss: 0.7985765337944031

l1_neurons = 128
l2_neurons = 0
l3_neurons = 0
dp0 = 0
dp1 = 0.0
dp2 = 0
dp3 = 0
lr = 0.0007
wd = 1e-06
lambda1_dim1 = 0.0003
lambda2_dim1 = 0.05
lambda1_dim2 = 0.0008
lambda2_dim2 = 0.05
