2020-03-31 15:34:12.690557
Model name: diabnet/models/model-sp-soft-label-negatives-1000-dropout005-decay-052.pth'

Confusion matrix:
[[100.9         37.1       ]
 [ 31.26666667  10.73333333]]

T Loss: 0.5141982555389404

T Loss(reg): 0.8029900312423706

V Loss: 0.8282620681656732

l1_neurons = 128
l2_neurons = 0
l3_neurons = 0
dp0 = 0
dp1 = 0.05
dp2 = 0
dp3 = 0
lr = 0.0007
wd = 1e-06
lambda1_dim1 = 0.0003
lambda2_dim1 = 0.05
lambda1_dim2 = 0.0008
lambda2_dim2 = 0.05
