2020-05-22 17:15:42.633999
Model name: diabnet/models/model-13-sp-soft-label-random-2500-dropout0-bn-decay-flood-hyperopt-015.pth

Confusion matrix:
[[2.43333333 1.86666667]
 [1.16666667 0.53333333]]

T Loss: 0.5094812154769898

T Loss(reg): 0.5094812154769898

V Loss: 1.166134198506673

l1_neurons = 13
l2_neurons = 0
l3_neurons = 0
dp0 = 0.45
dp1 = 0.0
dp2 = 0
dp3 = 0
lr = 0.0045
wd = 1e-06
lambda1_dim1 = 0.0
lambda2_dim1 = 7.5e-05
lambda1_dim2 = 0.0
lambda2_dim2 = 5e-05
flood_penalty = 0.39
