2020-04-03 15:11:04.111878
Model name: diabnet/models/model-sp-soft-label-random-1000-dropout005-decay-007.pth

Confusion matrix:
[[110.46666667  22.53333333]
 [ 35.33333333  11.66666667]]

T Loss: 0.4808029353618622

T Loss(reg): 0.769286048412323

V Loss: 0.7791415088706546

l1_neurons = 128
l2_neurons = 0
l3_neurons = 0
dp0 = 0
dp1 = 0.05
dp2 = 0
dp3 = 0
lr = 0.0007
wd = 1e-06
lambda1_dim1 = 0.0003
lambda2_dim1 = 0.05
lambda1_dim2 = 0.0008
lambda2_dim2 = 0.05
