2020-04-03 19:39:22.909587
Model name: diabnet/models/model-sp-soft-label-random-1000-dropout005-decay-086.pth

Confusion matrix:
[[109.73333333  32.26666667]
 [ 31.83333333   6.16666667]]

T Loss: 0.5410939574241638

T Loss(reg): 0.8159022688865661

V Loss: 0.7766120619244046

l1_neurons = 128
l2_neurons = 0
l3_neurons = 0
dp0 = 0
dp1 = 0.05
dp2 = 0
dp3 = 0
lr = 0.0007
wd = 1e-06
lambda1_dim1 = 0.0003
lambda2_dim1 = 0.05
lambda1_dim2 = 0.0008
lambda2_dim2 = 0.05
