2020-04-13 17:19:55.185293
Model name: diabnet/models/model-sp-soft-label-random-1000-dropout0-05-bn-decay-009.pth

Confusion matrix:
[[97. 45.]
 [25. 13.]]

T Loss: 0.3864480137825012

T Loss(reg): 0.7053574085235595

V Loss: 0.8779567281405131

l1_neurons = 128
l2_neurons = 0
l3_neurons = 0
dp0 = 0.5
dp1 = 0.0
dp2 = 0
dp3 = 0
lr = 0.0007
wd = 1e-06
lambda1_dim1 = 0.0003
lambda2_dim1 = 0.05
lambda1_dim2 = 0.0008
lambda2_dim2 = 0.05
