2020-04-14 14:29:37.069857
Model name: diabnet/models/model-sp-soft-label-negatives-1000-dropout0-05-bn-decay-067.pth

Confusion matrix:
[[107.  28.]
 [ 37.   8.]]

T Loss: 0.43198570013046267

T Loss(reg): 0.7283812999725342

V Loss: 0.8740622997283936

l1_neurons = 128
l2_neurons = 0
l3_neurons = 0
dp0 = 0.5
dp1 = 0.0
dp2 = 0
dp3 = 0
lr = 0.0007
wd = 1e-06
lambda1_dim1 = 0.0003
lambda2_dim1 = 0.05
lambda1_dim2 = 0.0008
lambda2_dim2 = 0.05
