2020-03-24 17:27:59.925497
Model name: diabnet/models/model-sp-soft-label-positives-1000-dropout005-decay-067.pth'

Confusion matrix:
[[128.3         13.7       ]
 [  7.86666667  30.13333333]]

T Loss: 0.4438664436340332

T Loss(reg): 0.8304890513420105

V Loss: 0.525664421584871

l1_neurons = 128
l2_neurons = 0
l3_neurons = 0
dp0 = 0
dp1 = 0.05
dp2 = 0
dp3 = 0
lr = 0.0007
wd = 1e-06
lambda1_dim1 = 0.0003
lambda2_dim1 = 0.05
lambda1_dim2 = 0.0008
lambda2_dim2 = 0.05
