2020-03-24 14:31:45.248213
Model name: diabnet/models/model-sp-soft-label-positives-1000-dropout005-decay-014.pth'

Confusion matrix:
[[121.9         24.1       ]
 [ 13.43333333  20.56666667]]

T Loss: 0.4459065794944763

T Loss(reg): 0.8225826263427735

V Loss: 0.5704670223924849

l1_neurons = 128
l2_neurons = 0
l3_neurons = 0
dp0 = 0
dp1 = 0.05
dp2 = 0
dp3 = 0
lr = 0.0007
wd = 1e-06
lambda1_dim1 = 0.0003
lambda2_dim1 = 0.05
lambda1_dim2 = 0.0008
lambda2_dim2 = 0.05
