2020-05-23 23:50:24.458909
Model name: diabnet/models/model-13-sp-soft-label-negatives-2500-dropout0-bn-decay-flood-hyperopt-040.pth

Confusion matrix:
[[3.1 1.4]
 [1.1 0.4]]

T Loss: 0.39386730194091796

T Loss(reg): 0.39386730194091796

V Loss: 0.9623633424441019

l1_neurons = 13
l2_neurons = 0
l3_neurons = 0
dp0 = 0.45
dp1 = 0.0
dp2 = 0
dp3 = 0
lr = 0.0045
wd = 1e-06
lambda1_dim1 = 0.0
lambda2_dim1 = 7.5e-05
lambda1_dim2 = 0.0
lambda2_dim2 = 5e-05
flood_penalty = 0.39
