2020-04-03 16:55:25.889565
Model name: diabnet/models/model-sp-soft-label-random-1000-dropout005-decay-038.pth

Confusion matrix:
[[103.83333333  35.16666667]
 [ 34.16666667   6.83333333]]

T Loss: 0.514713716506958

T Loss(reg): 0.808383297920227

V Loss: 0.8239729205767313

l1_neurons = 128
l2_neurons = 0
l3_neurons = 0
dp0 = 0
dp1 = 0.05
dp2 = 0
dp3 = 0
lr = 0.0007
wd = 1e-06
lambda1_dim1 = 0.0003
lambda2_dim1 = 0.05
lambda1_dim2 = 0.0008
lambda2_dim2 = 0.05
