2020-04-07 14:41:19.893599
Model name: diabnet/models/model-sp-soft-label-negative-1000-nodropout-decay-058.pth

Confusion matrix:
[[107.  36.]
 [ 33.   4.]]

T Loss: 0.4996028423309326

T Loss(reg): 0.8134864687919616

V Loss: 0.7968424956003824

l1_neurons = 128
l2_neurons = 0
l3_neurons = 0
dp0 = 0
dp1 = 0.0
dp2 = 0
dp3 = 0
lr = 0.0007
wd = 1e-06
lambda1_dim1 = 0.0003
lambda2_dim1 = 0.05
lambda1_dim2 = 0.0008
lambda2_dim2 = 0.05
