2020-04-07 18:01:39.193039
Model name: diabnet/models/model-sp-soft-label-negative-1000-nodropout-decay-085.pth

Confusion matrix:
[[109.  34.]
 [ 30.   7.]]

T Loss: 0.4977981746196747

T Loss(reg): 0.8043590545654297

V Loss: 0.7819080352783203

l1_neurons = 128
l2_neurons = 0
l3_neurons = 0
dp0 = 0
dp1 = 0.0
dp2 = 0
dp3 = 0
lr = 0.0007
wd = 1e-06
lambda1_dim1 = 0.0003
lambda2_dim1 = 0.05
lambda1_dim2 = 0.0008
lambda2_dim2 = 0.05
