2020-04-13 13:15:22.096311
Model name: diabnet/models/model-sp-soft-label-positives-1000-dropout0-05-bn-decay-044.pth

Confusion matrix:
[[116.  21.]
 [  6.  37.]]

T Loss: 0.44617979526519774

T Loss(reg): 0.8400025248527527

V Loss: 0.540162980556488

l1_neurons = 128
l2_neurons = 0
l3_neurons = 0
dp0 = 0.5
dp1 = 0.0
dp2 = 0
dp3 = 0
lr = 0.0007
wd = 1e-06
lambda1_dim1 = 0.0003
lambda2_dim1 = 0.05
lambda1_dim2 = 0.0008
lambda2_dim2 = 0.05
