2020-04-06 20:55:02.263414
Model name: diabnet/models/model-sp-soft-label-random-1000-nodropout-decay-089.pth

Confusion matrix:
[[108.  32.]
 [ 32.   8.]]

T Loss: 0.4777606904506683

T Loss(reg): 0.7748874545097351

V Loss: 0.7516088485717773

l1_neurons = 128
l2_neurons = 0
l3_neurons = 0
dp0 = 0
dp1 = 0.0
dp2 = 0
dp3 = 0
lr = 0.0007
wd = 1e-06
lambda1_dim1 = 0.0003
lambda2_dim1 = 0.05
lambda1_dim2 = 0.0008
lambda2_dim2 = 0.05
