2020-04-13 15:51:22.169477
Model name: diabnet/models/model-sp-soft-label-positives-1000-dropout0-05-bn-decay-089.pth

Confusion matrix:
[[125.   8.]
 [ 14.  33.]]

T Loss: 0.4539963662624359

T Loss(reg): 0.8640400648117066

V Loss: 0.5273203253746033

l1_neurons = 128
l2_neurons = 0
l3_neurons = 0
dp0 = 0.5
dp1 = 0.0
dp2 = 0
dp3 = 0
lr = 0.0007
wd = 1e-06
lambda1_dim1 = 0.0003
lambda2_dim1 = 0.05
lambda1_dim2 = 0.0008
lambda2_dim2 = 0.05
