2020-04-10 00:32:43.595714
Model name: diabnet/models/model-sp-soft-label-negatives-1000-nodropout-bn-decay-095.pth

Confusion matrix:
[[103.  44.]
 [ 20.  13.]]

T Loss: 0.35556758642196656

T Loss(reg): 0.6899730563163757

V Loss: 0.946215033531189

l1_neurons = 128
l2_neurons = 0
l3_neurons = 0
dp0 = 0
dp1 = 0.0
dp2 = 0
dp3 = 0
lr = 0.0007
wd = 1e-06
lambda1_dim1 = 0.0003
lambda2_dim1 = 0.05
lambda1_dim2 = 0.0008
lambda2_dim2 = 0.05
