2020-04-06 11:19:11.725926
Model name: diabnet/models/model-sp-soft-label-random-1000-nodropout-decay-001.pth

Confusion matrix:
[[96. 41.]
 [32. 11.]]

T Loss: 0.476754754781723

T Loss(reg): 0.8064972639083863

V Loss: 0.8218307693799337

l1_neurons = 128
l2_neurons = 0
l3_neurons = 0
dp0 = 0
dp1 = 0.0
dp2 = 0
dp3 = 0
lr = 0.0007
wd = 1e-06
lambda1_dim1 = 0.0003
lambda2_dim1 = 0.05
lambda1_dim2 = 0.0008
lambda2_dim2 = 0.05
