2020-04-07 14:56:08.726084
Model name: diabnet/models/model-sp-soft-label-negative-1000-nodropout-decay-060.pth

Confusion matrix:
[[100.  34.]
 [ 34.  12.]]

T Loss: 0.4727951526641846

T Loss(reg): 0.804940402507782

V Loss: 0.8575999736785889

l1_neurons = 128
l2_neurons = 0
l3_neurons = 0
dp0 = 0
dp1 = 0.0
dp2 = 0
dp3 = 0
lr = 0.0007
wd = 1e-06
lambda1_dim1 = 0.0003
lambda2_dim1 = 0.05
lambda1_dim2 = 0.0008
lambda2_dim2 = 0.05
