2020-04-07 17:32:00.290450
Model name: diabnet/models/model-sp-soft-label-negative-1000-nodropout-decay-081.pth

Confusion matrix:
[[106.  26.]
 [ 38.  10.]]

T Loss: 0.5075867414474488

T Loss(reg): 0.8184185743331909

V Loss: 0.8003547787666321

l1_neurons = 128
l2_neurons = 0
l3_neurons = 0
dp0 = 0
dp1 = 0.0
dp2 = 0
dp3 = 0
lr = 0.0007
wd = 1e-06
lambda1_dim1 = 0.0003
lambda2_dim1 = 0.05
lambda1_dim2 = 0.0008
lambda2_dim2 = 0.05
