2020-03-24 15:31:31.680226
Model name: diabnet/models/model-sp-soft-label-positives-1000-dropout005-decay-032.pth'

Confusion matrix:
[[135.13333333  12.86666667]
 [ 12.73333333  19.26666667]]

T Loss: 0.45974128842353823

T Loss(reg): 0.8346900701522827

V Loss: 0.5350076354212231

l1_neurons = 128
l2_neurons = 0
l3_neurons = 0
dp0 = 0
dp1 = 0.05
dp2 = 0
dp3 = 0
lr = 0.0007
wd = 1e-06
lambda1_dim1 = 0.0003
lambda2_dim1 = 0.05
lambda1_dim2 = 0.0008
lambda2_dim2 = 0.05
