2020-04-14 12:44:47.721709
Model name: diabnet/models/model-sp-soft-label-negatives-1000-dropout0-05-bn-decay-037.pth

Confusion matrix:
[[102.  30.]
 [ 34.  14.]]

T Loss: 0.4629057765007019

T Loss(reg): 0.7531818270683288

V Loss: 0.8159051736195883

l1_neurons = 128
l2_neurons = 0
l3_neurons = 0
dp0 = 0.5
dp1 = 0.0
dp2 = 0
dp3 = 0
lr = 0.0007
wd = 1e-06
lambda1_dim1 = 0.0003
lambda2_dim1 = 0.05
lambda1_dim2 = 0.0008
lambda2_dim2 = 0.05
