2020-03-16 16:54:49.713869
Model name: diabnet/models/model-sp-soft-label-positives-1000-nodropout-decay-030.pth'

Confusion matrix:
[[118.  18.]
 [ 11.  33.]]

T Loss: 0.44160528779029845

T Loss(reg): 0.8455957055091858

V Loss: 0.573092003663381

l1_neurons = 128
l2_neurons = 0
l3_neurons = 0
dp0 = 0
dp1 = 0.0
dp2 = 0
dp3 = 0
lr = 0.0007
wd = 1e-06
lambda1_dim1 = 0.0003
lambda2_dim1 = 0.05
lambda1_dim2 = 0.0008
lambda2_dim2 = 0.05
