2020-04-09 19:15:36.027543
Model name: diabnet/models/model-sp-soft-label-negatives-1000-nodropout-bn-decay-004.pth

Confusion matrix:
[[93. 51.]
 [22. 14.]]

T Loss: 0.35361525416374207

T Loss(reg): 0.7127343058586121

V Loss: 1.0242528120676677

l1_neurons = 128
l2_neurons = 0
l3_neurons = 0
dp0 = 0
dp1 = 0.0
dp2 = 0
dp3 = 0
lr = 0.0007
wd = 1e-06
lambda1_dim1 = 0.0003
lambda2_dim1 = 0.05
lambda1_dim2 = 0.0008
lambda2_dim2 = 0.05
