2020-04-03 16:25:04.030968
Model name: diabnet/models/model-sp-soft-label-random-1000-dropout005-decay-029.pth

Confusion matrix:
[[94.06666667 45.93333333]
 [31.3         8.7       ]]

T Loss: 0.504528033733368

T Loss(reg): 0.7846345901489258

V Loss: 0.8016183118025462

l1_neurons = 128
l2_neurons = 0
l3_neurons = 0
dp0 = 0
dp1 = 0.05
dp2 = 0
dp3 = 0
lr = 0.0007
wd = 1e-06
lambda1_dim1 = 0.0003
lambda2_dim1 = 0.05
lambda1_dim2 = 0.0008
lambda2_dim2 = 0.05
