2020-03-31 14:23:57.591815
Model name: diabnet/models/model-sp-soft-label-negatives-1000-dropout005-decay-035.pth'

Confusion matrix:
[[109.86666667  35.13333333]
 [ 28.           7.        ]]

T Loss: 0.5152555584907532

T Loss(reg): 0.807790195941925

V Loss: 0.7697944508658515

l1_neurons = 128
l2_neurons = 0
l3_neurons = 0
dp0 = 0
dp1 = 0.05
dp2 = 0
dp3 = 0
lr = 0.0007
wd = 1e-06
lambda1_dim1 = 0.0003
lambda2_dim1 = 0.05
lambda1_dim2 = 0.0008
lambda2_dim2 = 0.05
