2020-04-09 23:26:29.885163
Model name: diabnet/models/model-sp-soft-label-negatives-1000-nodropout-bn-decay-076.pth

Confusion matrix:
[[100.  41.]
 [ 27.  12.]]

T Loss: 0.3550551176071167

T Loss(reg): 0.6795508384704589

V Loss: 0.9893069465955099

l1_neurons = 128
l2_neurons = 0
l3_neurons = 0
dp0 = 0
dp1 = 0.0
dp2 = 0
dp3 = 0
lr = 0.0007
wd = 1e-06
lambda1_dim1 = 0.0003
lambda2_dim1 = 0.05
lambda1_dim2 = 0.0008
lambda2_dim2 = 0.05
