2020-03-16 19:45:16.057346
Model name: diabnet/models/model-sp-soft-label-positives-1000-nodropout-decay-080.pth'

Confusion matrix:
[[127.  16.]
 [  9.  28.]]

T Loss: 0.4449710786342621

T Loss(reg): 0.8462173342704773

V Loss: 0.5261205832163492

l1_neurons = 128
l2_neurons = 0
l3_neurons = 0
dp0 = 0
dp1 = 0.0
dp2 = 0
dp3 = 0
lr = 0.0007
wd = 1e-06
lambda1_dim1 = 0.0003
lambda2_dim1 = 0.05
lambda1_dim2 = 0.0008
lambda2_dim2 = 0.05
