2020-04-13 16:51:46.066283
Model name: diabnet/models/model-sp-soft-label-random-1000-dropout0-05-bn-decay-001.pth

Confusion matrix:
[[98. 29.]
 [37. 16.]]

T Loss: 0.4492411255836487

T Loss(reg): 0.7636913895606995

V Loss: 0.8619181911150614

l1_neurons = 128
l2_neurons = 0
l3_neurons = 0
dp0 = 0.5
dp1 = 0.0
dp2 = 0
dp3 = 0
lr = 0.0007
wd = 1e-06
lambda1_dim1 = 0.0003
lambda2_dim1 = 0.05
lambda1_dim2 = 0.0008
lambda2_dim2 = 0.05
