2020-03-16 16:51:26.595025
Model name: diabnet/models/model-sp-soft-label-positives-1000-nodropout-decay-029.pth'

Confusion matrix:
[[127.  13.]
 [  6.  34.]]

T Loss: 0.44759227633476256

T Loss(reg): 0.8332016587257385

V Loss: 0.5026083091894785

l1_neurons = 128
l2_neurons = 0
l3_neurons = 0
dp0 = 0
dp1 = 0.0
dp2 = 0
dp3 = 0
lr = 0.0007
wd = 1e-06
lambda1_dim1 = 0.0003
lambda2_dim1 = 0.05
lambda1_dim2 = 0.0008
lambda2_dim2 = 0.05
