2020-04-03 18:54:53.140786
Model name: diabnet/models/model-sp-soft-label-random-1000-dropout005-decay-073.pth

Confusion matrix:
[[113.33333333  26.66666667]
 [ 34.6          5.4       ]]

T Loss: 0.5270018815994263

T Loss(reg): 0.816794466972351

V Loss: 0.738488394021988

l1_neurons = 128
l2_neurons = 0
l3_neurons = 0
dp0 = 0
dp1 = 0.05
dp2 = 0
dp3 = 0
lr = 0.0007
wd = 1e-06
lambda1_dim1 = 0.0003
lambda2_dim1 = 0.05
lambda1_dim2 = 0.0008
lambda2_dim2 = 0.05
