2020-04-03 15:31:11.385589
Model name: diabnet/models/model-sp-soft-label-random-1000-dropout005-decay-013.pth

Confusion matrix:
[[108.56666667  26.43333333]
 [ 38.5          6.5       ]]

T Loss: 0.48588317036628725

T Loss(reg): 0.7951255679130554

V Loss: 0.8279136929247114

l1_neurons = 128
l2_neurons = 0
l3_neurons = 0
dp0 = 0
dp1 = 0.05
dp2 = 0
dp3 = 0
lr = 0.0007
wd = 1e-06
lambda1_dim1 = 0.0003
lambda2_dim1 = 0.05
lambda1_dim2 = 0.0008
lambda2_dim2 = 0.05
