2020-03-06 19:52:14.577853
Model name: diabnet/models/model-sp-soft-label-positives-1000-decay-048.pth'

Confusion matrix:
[[109.5         21.5       ]
 [ 14.16666667  34.83333333]]

T Loss: 0.46253150701522827

T Loss(reg): 0.8036685943603515

V Loss: 0.5881511817375819

l1_neurons = 256
l2_neurons = 0
l3_neurons = 0
dp0 = 0
dp1 = 0.5
dp2 = 0
dp3 = 0
lr = 0.0007
wd = 1e-06
lambda1_dim1 = 0.0003
lambda2_dim1 = 0.05
lambda1_dim2 = 0.0008
lambda2_dim2 = 0.05
