2020-03-24 18:42:07.402573
Model name: diabnet/models/model-sp-soft-label-positives-1000-dropout005-decay-089.pth'

Confusion matrix:
[[126.73333333  12.26666667]
 [ 11.06666667  29.93333333]]

T Loss: 0.45452608466148375

T Loss(reg): 0.8350000262260437

V Loss: 0.5214968664778603

l1_neurons = 128
l2_neurons = 0
l3_neurons = 0
dp0 = 0
dp1 = 0.05
dp2 = 0
dp3 = 0
lr = 0.0007
wd = 1e-06
lambda1_dim1 = 0.0003
lambda2_dim1 = 0.05
lambda1_dim2 = 0.0008
lambda2_dim2 = 0.05
