2020-04-06 13:52:09.405223
Model name: diabnet/models/model-sp-soft-label-random-1000-nodropout-decay-023.pth

Confusion matrix:
[[128.  20.]
 [ 27.   5.]]

T Loss: 0.4657821774482727

T Loss(reg): 0.7719842910766601

V Loss: 0.7418918410936991

l1_neurons = 128
l2_neurons = 0
l3_neurons = 0
dp0 = 0
dp1 = 0.0
dp2 = 0
dp3 = 0
lr = 0.0007
wd = 1e-06
lambda1_dim1 = 0.0003
lambda2_dim1 = 0.05
lambda1_dim2 = 0.0008
lambda2_dim2 = 0.05
