2020-03-16 19:17:54.756332
Model name: diabnet/models/model-sp-soft-label-positives-1000-nodropout-decay-072.pth'

Confusion matrix:
[[123.  18.]
 [  8.  31.]]

T Loss: 0.45261064171791077

T Loss(reg): 0.8464907288551331

V Loss: 0.5319032271703085

l1_neurons = 128
l2_neurons = 0
l3_neurons = 0
dp0 = 0
dp1 = 0.0
dp2 = 0
dp3 = 0
lr = 0.0007
wd = 1e-06
lambda1_dim1 = 0.0003
lambda2_dim1 = 0.05
lambda1_dim2 = 0.0008
lambda2_dim2 = 0.05
