2020-04-13 16:58:47.677869
Model name: diabnet/models/model-sp-soft-label-random-1000-dropout0-05-bn-decay-003.pth

Confusion matrix:
[[99. 32.]
 [29. 20.]]

T Loss: 0.4424718201160431

T Loss(reg): 0.7436382532119751

V Loss: 0.8140946427981058

l1_neurons = 128
l2_neurons = 0
l3_neurons = 0
dp0 = 0.5
dp1 = 0.0
dp2 = 0
dp3 = 0
lr = 0.0007
wd = 1e-06
lambda1_dim1 = 0.0003
lambda2_dim1 = 0.05
lambda1_dim2 = 0.0008
lambda2_dim2 = 0.05
