2020-03-24 16:21:21.532554
Model name: diabnet/models/model-sp-soft-label-positives-1000-dropout005-decay-047.pth'

Confusion matrix:
[[121.73333333  18.26666667]
 [ 10.36666667  29.63333333]]

T Loss: 0.44959391951560973

T Loss(reg): 0.8255837202072144

V Loss: 0.5534352504544788

l1_neurons = 128
l2_neurons = 0
l3_neurons = 0
dp0 = 0
dp1 = 0.05
dp2 = 0
dp3 = 0
lr = 0.0007
wd = 1e-06
lambda1_dim1 = 0.0003
lambda2_dim1 = 0.05
lambda1_dim2 = 0.0008
lambda2_dim2 = 0.05
