2020-03-06 19:31:52.038707
Model name: diabnet/models/model-sp-soft-label-positives-1000-decay-042.pth'

Confusion matrix:
[[131.96666667  15.03333333]
 [ 11.9         21.1       ]]

T Loss: 0.44773280024528506

T Loss(reg): 0.7783438563346863

V Loss: 0.5598577472898695

l1_neurons = 256
l2_neurons = 0
l3_neurons = 0
dp0 = 0
dp1 = 0.5
dp2 = 0
dp3 = 0
lr = 0.0007
wd = 1e-06
lambda1_dim1 = 0.0003
lambda2_dim1 = 0.05
lambda1_dim2 = 0.0008
lambda2_dim2 = 0.05
