2020-03-06 20:05:48.330299
Model name: diabnet/models/model-sp-soft-label-positives-1000-decay-052.pth'

Confusion matrix:
[[125.5         11.5       ]
 [  9.43333333  33.56666667]]

T Loss: 0.4394721984863281

T Loss(reg): 0.7929315447807312

V Loss: 0.4982510331604216

l1_neurons = 256
l2_neurons = 0
l3_neurons = 0
dp0 = 0
dp1 = 0.5
dp2 = 0
dp3 = 0
lr = 0.0007
wd = 1e-06
lambda1_dim1 = 0.0003
lambda2_dim1 = 0.05
lambda1_dim2 = 0.0008
lambda2_dim2 = 0.05
