2020-04-28 20:36:56.027601
Model name: diabnet/models/model-32-sp-soft-label-random-1000-dropout0-05-bn-decay-flood-081.pth

Confusion matrix:
[[108.  27.]
 [ 38.   7.]]

T Loss: 0.5489509582519532

T Loss(reg): 0.8364320874214173

V Loss: 0.7670177419980367

l1_neurons = 32
l2_neurons = 0
l3_neurons = 0
dp0 = 0.5
dp1 = 0.0
dp2 = 0
dp3 = 0
lr = 0.0007
wd = 1e-06
lambda1_dim1 = 0.0003
lambda2_dim1 = 0.05
lambda1_dim2 = 0.0008
lambda2_dim2 = 0.05
