2020-04-07 12:13:03.830028
Model name: diabnet/models/model-sp-soft-label-negative-1000-nodropout-decay-038.pth

Confusion matrix:
[[117.  26.]
 [ 30.   7.]]

T Loss: 0.5361137628555298

T Loss(reg): 0.8271161556243897

V Loss: 0.7254595557848612

l1_neurons = 128
l2_neurons = 0
l3_neurons = 0
dp0 = 0
dp1 = 0.0
dp2 = 0
dp3 = 0
lr = 0.0007
wd = 1e-06
lambda1_dim1 = 0.0003
lambda2_dim1 = 0.05
lambda1_dim2 = 0.0008
lambda2_dim2 = 0.05
