2020-04-06 14:55:10.376844
Model name: diabnet/models/model-sp-soft-label-random-1000-nodropout-decay-032.pth

Confusion matrix:
[[109.  33.]
 [ 30.   8.]]

T Loss: 0.5295771479606628

T Loss(reg): 0.8247857809066772

V Loss: 0.7612473567326864

l1_neurons = 128
l2_neurons = 0
l3_neurons = 0
dp0 = 0
dp1 = 0.0
dp2 = 0
dp3 = 0
lr = 0.0007
wd = 1e-06
lambda1_dim1 = 0.0003
lambda2_dim1 = 0.05
lambda1_dim2 = 0.0008
lambda2_dim2 = 0.05
