2020-04-29 12:11:06.029748
Model name: diabnet/models/model-32-sp-soft-label-randomized_positives-1000-dropout0-05-bn-decay-flood-025.pth

Confusion matrix:
[[102.  31.]
 [ 27.  20.]]

T Loss: 0.5213398694992065

T Loss(reg): 0.8503573536872864

V Loss: 0.7899609406789144

l1_neurons = 32
l2_neurons = 0
l3_neurons = 0
dp0 = 0.5
dp1 = 0.0
dp2 = 0
dp3 = 0
lr = 0.0007
wd = 1e-06
lambda1_dim1 = 0.0003
lambda2_dim1 = 0.05
lambda1_dim2 = 0.0008
lambda2_dim2 = 0.05
