2020-04-03 19:05:11.161383
Model name: diabnet/models/model-sp-soft-label-random-1000-dropout005-decay-076.pth

Confusion matrix:
[[101.36666667  33.63333333]
 [ 35.63333333   9.36666667]]

T Loss: 0.4459339201450348

T Loss(reg): 0.7417615532875061

V Loss: 0.8784939865271251

l1_neurons = 128
l2_neurons = 0
l3_neurons = 0
dp0 = 0
dp1 = 0.05
dp2 = 0
dp3 = 0
lr = 0.0007
wd = 1e-06
lambda1_dim1 = 0.0003
lambda2_dim1 = 0.05
lambda1_dim2 = 0.0008
lambda2_dim2 = 0.05
