2020-04-03 17:05:30.397062
Model name: diabnet/models/model-sp-soft-label-random-1000-dropout005-decay-041.pth

Confusion matrix:
[[112.6         28.4       ]
 [ 29.83333333   9.16666667]]

T Loss: 0.44822846055030824

T Loss(reg): 0.7593796133995057

V Loss: 0.8162896070215437

l1_neurons = 128
l2_neurons = 0
l3_neurons = 0
dp0 = 0
dp1 = 0.05
dp2 = 0
dp3 = 0
lr = 0.0007
wd = 1e-06
lambda1_dim1 = 0.0003
lambda2_dim1 = 0.05
lambda1_dim2 = 0.0008
lambda2_dim2 = 0.05
