2020-04-06 14:34:12.710386
Model name: diabnet/models/model-sp-soft-label-random-1000-nodropout-decay-029.pth

Confusion matrix:
[[104.  43.]
 [ 27.   6.]]

T Loss: 0.4750357210636139

T Loss(reg): 0.778322184085846

V Loss: 0.8024728496869405

l1_neurons = 128
l2_neurons = 0
l3_neurons = 0
dp0 = 0
dp1 = 0.0
dp2 = 0
dp3 = 0
lr = 0.0007
wd = 1e-06
lambda1_dim1 = 0.0003
lambda2_dim1 = 0.05
lambda1_dim2 = 0.0008
lambda2_dim2 = 0.05
