2020-04-14 16:18:00.560769
Model name: diabnet/models/model-sp-soft-label-negatives-1000-dropout0-05-bn-decay-098.pth

Confusion matrix:
[[100.  40.]
 [ 27.  13.]]

T Loss: 0.4111836314201355

T Loss(reg): 0.744657826423645

V Loss: 0.9179831147193909

l1_neurons = 128
l2_neurons = 0
l3_neurons = 0
dp0 = 0.5
dp1 = 0.0
dp2 = 0
dp3 = 0
lr = 0.0007
wd = 1e-06
lambda1_dim1 = 0.0003
lambda2_dim1 = 0.05
lambda1_dim2 = 0.0008
lambda2_dim2 = 0.05
