2020-04-28 10:10:57.843705
Model name: diabnet/models/model-32-sp-soft-label-negatives-1000-dropout0-05-bn-decay-flood-017.pth

Confusion matrix:
[[111.  26.]
 [ 35.   8.]]

T Loss: 0.5457267165184021

T Loss(reg): 0.827188766002655

V Loss: 0.7748739918073019

l1_neurons = 32
l2_neurons = 0
l3_neurons = 0
dp0 = 0.5
dp1 = 0.0
dp2 = 0
dp3 = 0
lr = 0.0007
wd = 1e-06
lambda1_dim1 = 0.0003
lambda2_dim1 = 0.05
lambda1_dim2 = 0.0008
lambda2_dim2 = 0.05
