2020-04-09 16:37:18.554136
Model name: diabnet/models/model-sp-soft-label-positives-1000-nodropout-bn-decay-083.pth

Confusion matrix:
[[122.  19.]
 [ 15.  24.]]

T Loss: 0.4357869863510132

T Loss(reg): 0.852578341960907

V Loss: 0.5786407987276713

l1_neurons = 128
l2_neurons = 0
l3_neurons = 0
dp0 = 0
dp1 = 0.0
dp2 = 0
dp3 = 0
lr = 0.0007
wd = 1e-06
lambda1_dim1 = 0.0003
lambda2_dim1 = 0.05
lambda1_dim2 = 0.0008
lambda2_dim2 = 0.05
