2020-04-28 18:15:00.754933
Model name: diabnet/models/model-32-sp-soft-label-random-1000-dropout0-05-bn-decay-flood-041.pth

Confusion matrix:
[[116.  24.]
 [ 34.   6.]]

T Loss: 0.5789909482002258

T Loss(reg): 0.8457986831665039

V Loss: 0.7271454930305481

l1_neurons = 32
l2_neurons = 0
l3_neurons = 0
dp0 = 0.5
dp1 = 0.0
dp2 = 0
dp3 = 0
lr = 0.0007
wd = 1e-06
lambda1_dim1 = 0.0003
lambda2_dim1 = 0.05
lambda1_dim2 = 0.0008
lambda2_dim2 = 0.05
