2020-03-24 16:54:34.226445
Model name: diabnet/models/model-sp-soft-label-positives-1000-dropout005-decay-057.pth'

Confusion matrix:
[[127.3         11.7       ]
 [ 11.53333333  29.46666667]]

T Loss: 0.4511831343173981

T Loss(reg): 0.8334434866905213

V Loss: 0.5119406580924988

l1_neurons = 128
l2_neurons = 0
l3_neurons = 0
dp0 = 0
dp1 = 0.05
dp2 = 0
dp3 = 0
lr = 0.0007
wd = 1e-06
lambda1_dim1 = 0.0003
lambda2_dim1 = 0.05
lambda1_dim2 = 0.0008
lambda2_dim2 = 0.05
