2020-04-28 11:45:57.485826
Model name: diabnet/models/model-32-sp-soft-label-negatives-1000-dropout0-05-bn-decay-flood-042.pth

Confusion matrix:
[[107.  33.]
 [ 33.   7.]]

T Loss: 0.5337764263153076

T Loss(reg): 0.8246398448944092

V Loss: 0.7913565238316854

l1_neurons = 32
l2_neurons = 0
l3_neurons = 0
dp0 = 0.5
dp1 = 0.0
dp2 = 0
dp3 = 0
lr = 0.0007
wd = 1e-06
lambda1_dim1 = 0.0003
lambda2_dim1 = 0.05
lambda1_dim2 = 0.0008
lambda2_dim2 = 0.05
