2020-04-30 17:17:16.037732
Model name: diabnet/models/model-32-sp-soft-label-randomized_1_positives-1000-dropout0-05-bn-decay-flood-099.pth

Confusion matrix:
[[114.  25.]
 [ 32.   9.]]

T Loss: 0.5196122646331787

T Loss(reg): 0.8797146201133728

V Loss: 0.7385410070419312

l1_neurons = 32
l2_neurons = 0
l3_neurons = 0
dp0 = 0.5
dp1 = 0.0
dp2 = 0
dp3 = 0
lr = 0.0007
wd = 1e-06
lambda1_dim1 = 0.0003
lambda2_dim1 = 0.05
lambda1_dim2 = 0.0008
lambda2_dim2 = 0.05
