2020-04-09 15:56:34.533670
Model name: diabnet/models/model-sp-soft-label-positives-1000-nodropout-bn-decay-071.pth

Confusion matrix:
[[130.  11.]
 [ 12.  27.]]

T Loss: 0.4233532726764679

T Loss(reg): 0.8298773646354676

V Loss: 0.5357227921485901

l1_neurons = 128
l2_neurons = 0
l3_neurons = 0
dp0 = 0
dp1 = 0.0
dp2 = 0
dp3 = 0
lr = 0.0007
wd = 1e-06
lambda1_dim1 = 0.0003
lambda2_dim1 = 0.05
lambda1_dim2 = 0.0008
lambda2_dim2 = 0.05
