2020-03-06 22:08:06.868231
Model name: diabnet/models/model-sp-soft-label-positives-1000-decay-088.pth'

Confusion matrix:
[[113.83333333  15.16666667]
 [ 18.3         32.7       ]]

T Loss: 0.4549544155597687

T Loss(reg): 0.7903311133384705

V Loss: 0.5753000968032413

l1_neurons = 256
l2_neurons = 0
l3_neurons = 0
dp0 = 0
dp1 = 0.5
dp2 = 0
dp3 = 0
lr = 0.0007
wd = 1e-06
lambda1_dim1 = 0.0003
lambda2_dim1 = 0.05
lambda1_dim2 = 0.0008
lambda2_dim2 = 0.05
