2020-04-03 19:25:42.633383
Model name: diabnet/models/model-sp-soft-label-random-1000-dropout005-decay-082.pth

Confusion matrix:
[[109.23333333  35.76666667]
 [ 31.8          3.2       ]]

T Loss: 0.4662933528423309

T Loss(reg): 0.7580431342124939

V Loss: 0.7850126802921296

l1_neurons = 128
l2_neurons = 0
l3_neurons = 0
dp0 = 0
dp1 = 0.05
dp2 = 0
dp3 = 0
lr = 0.0007
wd = 1e-06
lambda1_dim1 = 0.0003
lambda2_dim1 = 0.05
lambda1_dim2 = 0.0008
lambda2_dim2 = 0.05
