2020-03-31 20:04:33.162195
Model name: diabnet/models/model-sp-soft-label-negatives-1000-dropout005-decay-089.pth'

Confusion matrix:
[[106.86666667  39.13333333]
 [ 28.7          5.3       ]]

T Loss: 0.5104223608970642

T Loss(reg): 0.7950768232345581

V Loss: 0.7738754789034525

l1_neurons = 128
l2_neurons = 0
l3_neurons = 0
dp0 = 0
dp1 = 0.05
dp2 = 0
dp3 = 0
lr = 0.0007
wd = 1e-06
lambda1_dim1 = 0.0003
lambda2_dim1 = 0.05
lambda1_dim2 = 0.0008
lambda2_dim2 = 0.05
