2020-04-09 14:41:39.010008
Model name: diabnet/models/model-sp-soft-label-positives-1000-nodropout-bn-decay-049.pth

Confusion matrix:
[[115.  14.]
 [ 10.  41.]]

T Loss: 0.432355535030365

T Loss(reg): 0.835267186164856

V Loss: 0.5225471953550974

l1_neurons = 128
l2_neurons = 0
l3_neurons = 0
dp0 = 0
dp1 = 0.0
dp2 = 0
dp3 = 0
lr = 0.0007
wd = 1e-06
lambda1_dim1 = 0.0003
lambda2_dim1 = 0.05
lambda1_dim2 = 0.0008
lambda2_dim2 = 0.05
