2020-04-09 21:07:12.606485
Model name: diabnet/models/model-sp-soft-label-negatives-1000-nodropout-bn-decay-036.pth

Confusion matrix:
[[100.  36.]
 [ 28.  16.]]

T Loss: 0.36587647795677186

T Loss(reg): 0.7133204817771912

V Loss: 0.9038469592730204

l1_neurons = 128
l2_neurons = 0
l3_neurons = 0
dp0 = 0
dp1 = 0.0
dp2 = 0
dp3 = 0
lr = 0.0007
wd = 1e-06
lambda1_dim1 = 0.0003
lambda2_dim1 = 0.05
lambda1_dim2 = 0.0008
lambda2_dim2 = 0.05
