2020-04-03 19:59:50.526579
Model name: diabnet/models/model-sp-soft-label-random-1000-dropout005-decay-092.pth

Confusion matrix:
[[98.76666667 37.23333333]
 [33.5        10.5       ]]

T Loss: 0.46814729571342467

T Loss(reg): 0.7673070669174195

V Loss: 0.8314916835890875

l1_neurons = 128
l2_neurons = 0
l3_neurons = 0
dp0 = 0
dp1 = 0.05
dp2 = 0
dp3 = 0
lr = 0.0007
wd = 1e-06
lambda1_dim1 = 0.0003
lambda2_dim1 = 0.05
lambda1_dim2 = 0.0008
lambda2_dim2 = 0.05
