2020-04-09 11:55:06.425757
Model name: diabnet/models/model-sp-soft-label-positives-1000-nodropout-bn-decay-000.pth

Confusion matrix:
[[116.  20.]
 [  7.  37.]]

T Loss: 0.43585261702537537

T Loss(reg): 0.8359349250793457

V Loss: 0.525934894879659

l1_neurons = 128
l2_neurons = 0
l3_neurons = 0
dp0 = 0
dp1 = 0.0
dp2 = 0
dp3 = 0
lr = 0.0007
wd = 1e-06
lambda1_dim1 = 0.0003
lambda2_dim1 = 0.05
lambda1_dim2 = 0.0008
lambda2_dim2 = 0.05
