2020-03-16 17:05:07.235059
Model name: diabnet/models/model-sp-soft-label-positives-1000-nodropout-decay-033.pth'

Confusion matrix:
[[123.  11.]
 [  8.  38.]]

T Loss: 0.4533573091030121

T Loss(reg): 0.8236531138420105

V Loss: 0.5055656631787618

l1_neurons = 128
l2_neurons = 0
l3_neurons = 0
dp0 = 0
dp1 = 0.0
dp2 = 0
dp3 = 0
lr = 0.0007
wd = 1e-06
lambda1_dim1 = 0.0003
lambda2_dim1 = 0.05
lambda1_dim2 = 0.0008
lambda2_dim2 = 0.05
