2020-04-06 11:26:07.177781
Model name: diabnet/models/model-sp-soft-label-random-1000-nodropout-decay-002.pth

Confusion matrix:
[[106.  36.]
 [ 32.   6.]]

T Loss: 0.45482202172279357

T Loss(reg): 0.7891624450683594

V Loss: 0.8058657844861349

l1_neurons = 128
l2_neurons = 0
l3_neurons = 0
dp0 = 0
dp1 = 0.0
dp2 = 0
dp3 = 0
lr = 0.0007
wd = 1e-06
lambda1_dim1 = 0.0003
lambda2_dim1 = 0.05
lambda1_dim2 = 0.0008
lambda2_dim2 = 0.05
