2020-04-06 20:38:16.645166
Model name: diabnet/models/model-sp-soft-label-random-1000-nodropout-decay-084.pth

Confusion matrix:
[[97. 41.]
 [33.  9.]]

T Loss: 0.4754459261894226

T Loss(reg): 0.8071324110031128

V Loss: 0.815051813920339

l1_neurons = 128
l2_neurons = 0
l3_neurons = 0
dp0 = 0
dp1 = 0.0
dp2 = 0
dp3 = 0
lr = 0.0007
wd = 1e-06
lambda1_dim1 = 0.0003
lambda2_dim1 = 0.05
lambda1_dim2 = 0.0008
lambda2_dim2 = 0.05
