2020-04-07 19:23:13.430103
Model name: diabnet/models/model-sp-soft-label-negative-1000-nodropout-decay-096.pth

Confusion matrix:
[[114.  30.]
 [ 26.  10.]]

T Loss: 0.4600010275840759

T Loss(reg): 0.764041793346405

V Loss: 0.7797882755597433

l1_neurons = 128
l2_neurons = 0
l3_neurons = 0
dp0 = 0
dp1 = 0.0
dp2 = 0
dp3 = 0
lr = 0.0007
wd = 1e-06
lambda1_dim1 = 0.0003
lambda2_dim1 = 0.05
lambda1_dim2 = 0.0008
lambda2_dim2 = 0.05
