2020-04-14 11:59:14.165146
Model name: diabnet/models/model-sp-soft-label-negatives-1000-dropout0-05-bn-decay-024.pth

Confusion matrix:
[[105.  33.]
 [ 28.  14.]]

T Loss: 0.4113410532474518

T Loss(reg): 0.7243013501167297

V Loss: 0.817106823126475

l1_neurons = 128
l2_neurons = 0
l3_neurons = 0
dp0 = 0.5
dp1 = 0.0
dp2 = 0
dp3 = 0
lr = 0.0007
wd = 1e-06
lambda1_dim1 = 0.0003
lambda2_dim1 = 0.05
lambda1_dim2 = 0.0008
lambda2_dim2 = 0.05
