2020-04-06 16:33:14.807460
Model name: diabnet/models/model-sp-soft-label-random-1000-nodropout-decay-046.pth

Confusion matrix:
[[102.  36.]
 [ 37.   5.]]

T Loss: 0.4872705340385437

T Loss(reg): 0.799374806880951

V Loss: 0.7964886625607809

l1_neurons = 128
l2_neurons = 0
l3_neurons = 0
dp0 = 0
dp1 = 0.0
dp2 = 0
dp3 = 0
lr = 0.0007
wd = 1e-06
lambda1_dim1 = 0.0003
lambda2_dim1 = 0.05
lambda1_dim2 = 0.0008
lambda2_dim2 = 0.05
